Theta in X-Y plane [radians]     Phi from X-Y plane [radians]      Area [m^2]
0.000000e+00 -5.235988e-02 8.865093e-01
1.745329e-03 -5.235988e-02 8.865413e-01
3.490659e-03 -5.235988e-02 8.865537e-01
5.235988e-03 -5.235988e-02 8.867865e-01
6.981317e-03 -5.235988e-02 8.868989e-01
8.726646e-03 -5.235988e-02 8.867651e-01
1.047198e-02 -5.235988e-02 8.868595e-01
1.221730e-02 -5.235988e-02 8.870085e-01
1.396263e-02 -5.235988e-02 8.871307e-01
1.570796e-02 -5.235988e-02 8.872191e-01
1.745329e-02 -5.235988e-02 8.872157e-01
1.919862e-02 -5.235988e-02 8.873027e-01
2.094395e-02 -5.235988e-02 8.873852e-01
2.268928e-02 -5.235988e-02 8.874098e-01
2.443461e-02 -5.235988e-02 8.875166e-01
2.617994e-02 -5.235988e-02 8.875325e-01
2.792527e-02 -5.235988e-02 8.877366e-01
2.967060e-02 -5.235988e-02 8.881041e-01
3.141593e-02 -5.235988e-02 8.888885e-01
3.316126e-02 -5.235988e-02 8.897557e-01
3.490659e-02 -5.235988e-02 8.909474e-01
3.665191e-02 -5.235988e-02 8.923954e-01
3.839724e-02 -5.235988e-02 8.938821e-01
4.014257e-02 -5.235988e-02 8.954584e-01
4.188790e-02 -5.235988e-02 8.969412e-01
4.363323e-02 -5.235988e-02 8.984394e-01
4.537856e-02 -5.235988e-02 8.998392e-01
4.712389e-02 -5.235988e-02 9.012631e-01
4.886922e-02 -5.235988e-02 9.026348e-01
5.061455e-02 -5.235988e-02 9.039733e-01
5.235988e-02 -5.235988e-02 9.084454e-01
0.000000e+00 -4.886922e-02 8.713593e-01
1.745329e-03 -4.886922e-02 8.714034e-01
3.490659e-03 -4.886922e-02 8.714061e-01
5.235988e-03 -4.886922e-02 8.716411e-01
6.981317e-03 -4.886922e-02 8.717505e-01
8.726646e-03 -4.886922e-02 8.716001e-01
1.047198e-02 -4.886922e-02 8.717167e-01
1.221730e-02 -4.886922e-02 8.718702e-01
1.396263e-02 -4.886922e-02 8.719924e-01
1.570796e-02 -4.886922e-02 8.720822e-01
1.745329e-02 -4.886922e-02 8.720847e-01
1.919862e-02 -4.886922e-02 8.721586e-01
2.094395e-02 -4.886922e-02 8.722438e-01
2.268928e-02 -4.886922e-02 8.722641e-01
2.443461e-02 -4.886922e-02 8.724407e-01
2.617994e-02 -4.886922e-02 8.728167e-01
2.792527e-02 -4.886922e-02 8.735340e-01
2.967060e-02 -4.886922e-02 8.743806e-01
3.141593e-02 -4.886922e-02 8.756319e-01
3.316126e-02 -4.886922e-02 8.769933e-01
3.490659e-02 -4.886922e-02 8.785677e-01
3.665191e-02 -4.886922e-02 8.801142e-01
3.839724e-02 -4.886922e-02 8.815137e-01
4.014257e-02 -4.886922e-02 8.830482e-01
4.188790e-02 -4.886922e-02 8.844800e-01
4.363323e-02 -4.886922e-02 8.858950e-01
4.537856e-02 -4.886922e-02 8.872490e-01
4.712389e-02 -4.886922e-02 8.886014e-01
4.886922e-02 -4.886922e-02 8.928364e-01
5.061455e-02 -4.886922e-02 8.978275e-01
5.061455e-02 -4.886922e-02 8.978275e-01
5.235988e-02 -4.886922e-02 9.028956e-01
0.000000e+00 -4.537856e-02 8.567960e-01
1.745329e-03 -4.537856e-02 8.568388e-01
3.490659e-03 -4.537856e-02 8.568550e-01
5.235988e-03 -4.537856e-02 8.570771e-01
6.981317e-03 -4.537856e-02 8.571786e-01
8.726646e-03 -4.537856e-02 8.570330e-01
1.047198e-02 -4.537856e-02 8.571587e-01
1.221730e-02 -4.537856e-02 8.573178e-01
1.396263e-02 -4.537856e-02 8.574397e-01
1.570796e-02 -4.537856e-02 8.575121e-01
1.745329e-02 -4.537856e-02 8.575172e-01
1.919862e-02 -4.537856e-02 8.575970e-01
2.094395e-02 -4.537856e-02 8.577316e-01
2.268928e-02 -4.537856e-02 8.580924e-01
2.443461e-02 -4.537856e-02 8.587792e-01
2.617994e-02 -4.537856e-02 8.596453e-01
2.792527e-02 -4.537856e-02 8.608007e-01
2.967060e-02 -4.537856e-02 8.621214e-01
3.141593e-02 -4.537856e-02 8.637592e-01
3.316126e-02 -4.537856e-02 8.652556e-01
3.490659e-02 -4.537856e-02 8.667546e-01
3.665191e-02 -4.537856e-02 8.682789e-01
3.839724e-02 -4.537856e-02 8.696359e-01
4.014257e-02 -4.537856e-02 8.710920e-01
4.188790e-02 -4.537856e-02 8.724457e-01
4.363323e-02 -4.537856e-02 8.738320e-01
4.537856e-02 -4.537856e-02 8.777959e-01
4.712389e-02 -4.537856e-02 8.827870e-01
4.886922e-02 -4.537856e-02 8.878592e-01
5.061455e-02 -4.537856e-02 8.928834e-01
5.235988e-02 -4.537856e-02 8.979235e-01
0.000000e+00 -4.188790e-02 8.417344e-01
1.745329e-03 -4.188790e-02 8.417705e-01
3.490659e-03 -4.188790e-02 8.418089e-01
5.235988e-03 -4.188790e-02 8.420195e-01
6.981317e-03 -4.188790e-02 8.421065e-01
8.726646e-03 -4.188790e-02 8.419609e-01
1.047198e-02 -4.188790e-02 8.421073e-01
1.221730e-02 -4.188790e-02 8.422707e-01
1.396263e-02 -4.188790e-02 8.423854e-01
1.570796e-02 -4.188790e-02 8.424553e-01
1.745329e-02 -4.188790e-02 8.424903e-01
1.919862e-02 -4.188790e-02 8.428854e-01
2.094395e-02 -4.188790e-02 8.435264e-01
2.268928e-02 -4.188790e-02 8.443364e-01
2.443461e-02 -4.188790e-02 8.455199e-01
2.617994e-02 -4.188790e-02 8.468631e-01
2.792527e-02 -4.188790e-02 8.484162e-01
2.967060e-02 -4.188790e-02 8.498885e-01
3.141593e-02 -4.188790e-02 8.514560e-01
3.316126e-02 -4.188790e-02 8.529086e-01
3.490659e-02 -4.188790e-02 8.543444e-01
3.665191e-02 -4.188790e-02 8.558157e-01
3.839724e-02 -4.188790e-02 8.571398e-01
4.014257e-02 -4.188790e-02 8.585250e-01
4.188790e-02 -4.188790e-02 8.622824e-01
4.363323e-02 -4.188790e-02 8.672908e-01
4.537856e-02 -4.188790e-02 8.722844e-01
4.712389e-02 -4.188790e-02 8.773585e-01
4.712389e-02 -4.188790e-02 8.773585e-01
4.886922e-02 -4.188790e-02 8.824075e-01
5.061455e-02 -4.188790e-02 8.874289e-01
5.235988e-02 -4.188790e-02 8.924870e-01
0.000000e+00 -3.839724e-02 8.267130e-01
1.745329e-03 -3.839724e-02 8.267410e-01
3.490659e-03 -3.839724e-02 8.268043e-01
5.235988e-03 -3.839724e-02 8.269963e-01
6.981317e-03 -3.839724e-02 8.270722e-01
8.726646e-03 -3.839724e-02 8.269443e-01
1.047198e-02 -3.839724e-02 8.270984e-01
1.221730e-02 -3.839724e-02 8.272633e-01
1.396263e-02 -3.839724e-02 8.274024e-01
1.570796e-02 -3.839724e-02 8.277227e-01
1.745329e-02 -3.839724e-02 8.282528e-01
1.919862e-02 -3.839724e-02 8.291136e-01
2.094395e-02 -3.839724e-02 8.302445e-01
2.268928e-02 -3.839724e-02 8.315471e-01
2.443461e-02 -3.839724e-02 8.331380e-01
2.617994e-02 -3.839724e-02 8.346521e-01
2.792527e-02 -3.839724e-02 8.361692e-01
2.967060e-02 -3.839724e-02 8.376018e-01
3.141593e-02 -3.839724e-02 8.390585e-01
3.316126e-02 -3.839724e-02 8.404453e-01
3.490659e-02 -3.839724e-02 8.418425e-01
3.665191e-02 -3.839724e-02 8.432397e-01
3.839724e-02 -3.839724e-02 8.467849e-01
4.014257e-02 -3.839724e-02 8.518466e-01
4.188790e-02 -3.839724e-02 8.568271e-01
4.363323e-02 -3.839724e-02 8.618792e-01
4.537856e-02 -3.839724e-02 8.668736e-01
4.712389e-02 -3.839724e-02 8.719552e-01
4.886922e-02 -3.839724e-02 8.770089e-01
5.061455e-02 -3.839724e-02 8.820213e-01
5.235988e-02 -3.839724e-02 8.871595e-01
0.000000e+00 -3.490659e-02 8.112924e-01
1.745329e-03 -3.490659e-02 8.113086e-01
3.490659e-03 -3.490659e-02 8.114026e-01
5.235988e-03 -3.490659e-02 8.115760e-01
6.981317e-03 -3.490659e-02 8.116388e-01
8.726646e-03 -3.490659e-02 8.115294e-01
1.047198e-02 -3.490659e-02 8.117022e-01
1.221730e-02 -3.490659e-02 8.121153e-01
1.396263e-02 -3.490659e-02 8.127099e-01
1.570796e-02 -3.490659e-02 8.135160e-01
1.745329e-02 -3.490659e-02 8.145091e-01
1.919862e-02 -3.490659e-02 8.158628e-01
2.094395e-02 -3.490659e-02 8.174411e-01
2.268928e-02 -3.490659e-02 8.189259e-01
2.443461e-02 -3.490659e-02 8.204833e-01
2.617994e-02 -3.490659e-02 8.219152e-01
2.792527e-02 -3.490659e-02 8.233947e-01
2.967060e-02 -3.490659e-02 8.247561e-01
3.141593e-02 -3.490659e-02 8.261860e-01
3.316126e-02 -3.490659e-02 8.274822e-01
3.490659e-02 -3.490659e-02 8.308939e-01
3.665191e-02 -3.490659e-02 8.359108e-01
3.839724e-02 -3.490659e-02 8.409164e-01
4.014257e-02 -3.490659e-02 8.460479e-01
4.188790e-02 -3.490659e-02 8.510695e-01
4.363323e-02 -3.490659e-02 8.561136e-01
4.363323e-02 -3.490659e-02 8.561136e-01
4.537856e-02 -3.490659e-02 8.610939e-01
4.712389e-02 -3.490659e-02 8.661963e-01
4.886922e-02 -3.490659e-02 8.712875e-01
5.061455e-02 -3.490659e-02 8.763837e-01
5.235988e-02 -3.490659e-02 8.815652e-01
0.000000e+00 -3.141593e-02 7.964986e-01
1.745329e-03 -3.141593e-02 7.965033e-01
3.490659e-03 -3.141593e-02 7.966459e-01
5.235988e-03 -3.141593e-02 7.967831e-01
6.981317e-03 -3.141593e-02 7.968348e-01
8.726646e-03 -3.141593e-02 7.969714e-01
1.047198e-02 -3.141593e-02 7.976343e-01
1.221730e-02 -3.141593e-02 7.985211e-01
1.396263e-02 -3.141593e-02 7.995414e-01
1.570796e-02 -3.141593e-02 8.008347e-01
1.745329e-02 -3.141593e-02 8.022900e-01
1.919862e-02 -3.141593e-02 8.038572e-01
2.094395e-02 -3.141593e-02 8.054148e-01
2.268928e-02 -3.141593e-02 8.068165e-01
2.443461e-02 -3.141593e-02 8.083138e-01
2.617994e-02 -3.141593e-02 8.096732e-01
2.792527e-02 -3.141593e-02 8.111072e-01
2.967060e-02 -3.141593e-02 8.124119e-01
3.141593e-02 -3.141593e-02 8.156247e-01
3.316126e-02 -3.141593e-02 8.206336e-01
3.490659e-02 -3.141593e-02 8.256837e-01
3.665191e-02 -3.141593e-02 8.307530e-01
3.839724e-02 -3.141593e-02 8.357698e-01
4.014257e-02 -3.141593e-02 8.409143e-01
4.188790e-02 -3.141593e-02 8.459658e-01
4.363323e-02 -3.141593e-02 8.510509e-01
4.537856e-02 -3.141593e-02 8.560439e-01
4.712389e-02 -3.141593e-02 8.611703e-01
4.886922e-02 -3.141593e-02 8.663516e-01
5.061455e-02 -3.141593e-02 8.715313e-01
5.235988e-02 -3.141593e-02 8.768156e-01
0.000000e+00 -2.792527e-02 7.811717e-01
1.745329e-03 -2.792527e-02 7.811610e-01
3.490659e-03 -2.792527e-02 7.813419e-01
5.235988e-03 -2.792527e-02 7.816526e-01
6.981317e-03 -2.792527e-02 7.821316e-01
8.726646e-03 -2.792527e-02 7.827763e-01
1.047198e-02 -2.792527e-02 7.839243e-01
1.221730e-02 -2.792527e-02 7.852688e-01
1.396263e-02 -2.792527e-02 7.866985e-01
1.570796e-02 -2.792527e-02 7.882272e-01
1.745329e-02 -2.792527e-02 7.896974e-01
1.919862e-02 -2.792527e-02 7.912079e-01
2.094395e-02 -2.792527e-02 7.927050e-01
2.268928e-02 -2.792527e-02 7.940632e-01
2.443461e-02 -2.792527e-02 7.954834e-01
2.617994e-02 -2.792527e-02 7.967848e-01
2.792527e-02 -2.792527e-02 7.998104e-01
2.967060e-02 -2.792527e-02 8.048264e-01
3.141593e-02 -2.792527e-02 8.099168e-01
3.316126e-02 -2.792527e-02 8.150100e-01
3.490659e-02 -2.792527e-02 8.200617e-01
3.665191e-02 -2.792527e-02 8.251736e-01
3.839724e-02 -2.792527e-02 8.302534e-01
4.014257e-02 -2.792527e-02 8.353797e-01
4.014257e-02 -2.792527e-02 8.353797e-01
4.188790e-02 -2.792527e-02 8.404709e-01
4.363323e-02 -2.792527e-02 8.455969e-01
4.537856e-02 -2.792527e-02 8.506702e-01
4.712389e-02 -2.792527e-02 8.559252e-01
4.886922e-02 -2.792527e-02 8.611677e-01
5.061455e-02 -2.792527e-02 8.665068e-01
5.235988e-02 -2.792527e-02 8.719153e-01
0.000000e+00 -2.443461e-02 7.686075e-01
1.745329e-03 -2.443461e-02 7.687341e-01
3.490659e-03 -2.443461e-02 7.693689e-01
5.235988e-03 -2.443461e-02 7.701621e-01
6.981317e-03 -2.443461e-02 7.710892e-01
8.726646e-03 -2.443461e-02 7.722451e-01
1.047198e-02 -2.443461e-02 7.738654e-01
1.221730e-02 -2.443461e-02 7.754231e-01
1.396263e-02 -2.443461e-02 7.768258e-01
1.570796e-02 -2.443461e-02 7.783143e-01
1.745329e-02 -2.443461e-02 7.797372e-01
1.919862e-02 -2.443461e-02 7.811940e-01
2.094395e-02 -2.443461e-02 7.826300e-01
2.268928e-02 -2.443461e-02 7.839260e-01
2.443461e-02 -2.443461e-02 7.867360e-01
2.617994e-02 -2.443461e-02 7.918001e-01
2.792527e-02 -2.443461e-02 7.969046e-01
2.967060e-02 -2.443461e-02 8.019954e-01
3.141593e-02 -2.443461e-02 8.071181e-01
3.316126e-02 -2.443461e-02 8.122409e-01
3.490659e-02 -2.443461e-02 8.173428e-01
3.665191e-02 -2.443461e-02 8.224766e-01
3.839724e-02 -2.443461e-02 8.276126e-01
4.014257e-02 -2.443461e-02 8.327800e-01
4.188790e-02 -2.443461e-02 8.379283e-01
4.363323e-02 -2.443461e-02 8.431409e-01
4.537856e-02 -2.443461e-02 8.483751e-01
4.712389e-02 -2.443461e-02 8.537006e-01
4.886922e-02 -2.443461e-02 8.590345e-01
5.061455e-02 -2.443461e-02 8.644713e-01
5.235988e-02 -2.443461e-02 8.700034e-01
0.000000e+00 -2.094395e-02 7.652924e-01
1.745329e-03 -2.094395e-02 7.654918e-01
3.490659e-03 -2.094395e-02 7.664837e-01
5.235988e-03 -2.094395e-02 7.677545e-01
6.981317e-03 -2.094395e-02 7.691156e-01
8.726646e-03 -2.094395e-02 7.705900e-01
1.047198e-02 -2.094395e-02 7.722158e-01
1.221730e-02 -2.094395e-02 7.736705e-01
1.396263e-02 -2.094395e-02 7.749855e-01
1.570796e-02 -2.094395e-02 7.764241e-01
1.745329e-02 -2.094395e-02 7.778104e-01
1.919862e-02 -2.094395e-02 7.792119e-01
2.094395e-02 -2.094395e-02 7.818312e-01
2.268928e-02 -2.094395e-02 7.868730e-01
2.443461e-02 -2.094395e-02 7.920085e-01
2.617994e-02 -2.094395e-02 7.971214e-01
2.792527e-02 -2.094395e-02 8.022257e-01
2.967060e-02 -2.094395e-02 8.073443e-01
3.141593e-02 -2.094395e-02 8.124620e-01
3.316126e-02 -2.094395e-02 8.176038e-01
3.490659e-02 -2.094395e-02 8.227734e-01
3.665191e-02 -2.094395e-02 8.279261e-01
3.665191e-02 -2.094395e-02 8.279261e-01
3.839724e-02 -2.094395e-02 8.331313e-01
4.014257e-02 -2.094395e-02 8.383380e-01
4.188790e-02 -2.094395e-02 8.435551e-01
4.363323e-02 -2.094395e-02 8.488245e-01
4.537856e-02 -2.094395e-02 8.541335e-01
4.712389e-02 -2.094395e-02 8.595452e-01
4.886922e-02 -2.094395e-02 8.649675e-01
5.061455e-02 -2.094395e-02 8.704735e-01
5.235988e-02 -2.094395e-02 8.760208e-01
0.000000e+00 -1.745329e-02 7.642729e-01
1.745329e-03 -1.745329e-02 7.644770e-01
3.490659e-03 -1.745329e-02 7.654509e-01
5.235988e-03 -1.745329e-02 7.666364e-01
6.981317e-03 -1.745329e-02 7.678914e-01
8.726646e-03 -1.745329e-02 7.693200e-01
1.047198e-02 -1.745329e-02 7.708571e-01
1.221730e-02 -1.745329e-02 7.722468e-01
1.396263e-02 -1.745329e-02 7.735000e-01
1.570796e-02 -1.745329e-02 7.748826e-01
1.745329e-02 -1.745329e-02 7.772726e-01
1.919862e-02 -1.745329e-02 7.823586e-01
2.094395e-02 -1.745329e-02 7.874705e-01
2.268928e-02 -1.745329e-02 7.925394e-01
2.443461e-02 -1.745329e-02 7.976756e-01
2.617994e-02 -1.745329e-02 8.027930e-01
2.792527e-02 -1.745329e-02 8.079321e-01
2.967060e-02 -1.745329e-02 8.130896e-01
3.141593e-02 -1.745329e-02 8.182663e-01
3.316126e-02 -1.745329e-02 8.234463e-01
3.490659e-02 -1.745329e-02 8.286453e-01
3.665191e-02 -1.745329e-02 8.337841e-01
3.839724e-02 -1.745329e-02 8.390194e-01
4.014257e-02 -1.745329e-02 8.442776e-01
4.188790e-02 -1.745329e-02 8.495996e-01
4.363323e-02 -1.745329e-02 8.549396e-01
4.537856e-02 -1.745329e-02 8.603359e-01
4.712389e-02 -1.745329e-02 8.658243e-01
4.886922e-02 -1.745329e-02 8.712896e-01
5.061455e-02 -1.745329e-02 8.767820e-01
5.235988e-02 -1.745329e-02 8.822970e-01
0.000000e+00 -1.396263e-02 7.654994e-01
1.745329e-03 -1.396263e-02 7.654767e-01
3.490659e-03 -1.396263e-02 7.660992e-01
5.235988e-03 -1.396263e-02 7.667075e-01
6.981317e-03 -1.396263e-02 7.674866e-01
8.726646e-03 -1.396263e-02 7.686375e-01
1.047198e-02 -1.396263e-02 7.700615e-01
1.221730e-02 -1.396263e-02 7.713821e-01
1.396263e-02 -1.396263e-02 7.733860e-01
1.570796e-02 -1.396263e-02 7.782912e-01
1.745329e-02 -1.396263e-02 7.833080e-01
1.919862e-02 -1.396263e-02 7.884749e-01
2.094395e-02 -1.396263e-02 7.936042e-01
2.268928e-02 -1.396263e-02 7.986938e-01
2.443461e-02 -1.396263e-02 8.038855e-01
2.617994e-02 -1.396263e-02 8.091446e-01
2.792527e-02 -1.396263e-02 8.143613e-01
2.967060e-02 -1.396263e-02 8.195480e-01
3.141593e-02 -1.396263e-02 8.247441e-01
3.316126e-02 -1.396263e-02 8.299230e-01
3.316126e-02 -1.396263e-02 8.299230e-01
3.490659e-02 -1.396263e-02 8.350761e-01
3.665191e-02 -1.396263e-02 8.402163e-01
3.839724e-02 -1.396263e-02 8.455235e-01
4.014257e-02 -1.396263e-02 8.508198e-01
4.188790e-02 -1.396263e-02 8.562627e-01
4.363323e-02 -1.396263e-02 8.616945e-01
4.537856e-02 -1.396263e-02 8.671826e-01
4.712389e-02 -1.396263e-02 8.725883e-01
4.886922e-02 -1.396263e-02 8.779534e-01
5.061455e-02 -1.396263e-02 8.834848e-01
5.235988e-02 -1.396263e-02 8.889472e-01
0.000000e+00 -1.047198e-02 7.691054e-01
1.745329e-03 -1.047198e-02 7.689832e-01
3.490659e-03 -1.047198e-02 7.693441e-01
5.235988e-03 -1.047198e-02 7.696326e-01
6.981317e-03 -1.047198e-02 7.698984e-01
8.726646e-03 -1.047198e-02 7.704964e-01
1.047198e-02 -1.047198e-02 7.719522e-01
1.221730e-02 -1.047198e-02 7.764077e-01
1.396263e-02 -1.047198e-02 7.810229e-01
1.570796e-02 -1.047198e-02 7.858396e-01
1.745329e-02 -1.047198e-02 7.908085e-01
1.919862e-02 -1.047198e-02 7.959872e-01
2.094395e-02 -1.047198e-02 8.010717e-01
2.268928e-02 -1.047198e-02 8.062139e-01
2.443461e-02 -1.047198e-02 8.115425e-01
2.617994e-02 -1.047198e-02 8.169130e-01
2.792527e-02 -1.047198e-02 8.222552e-01
2.967060e-02 -1.047198e-02 8.274980e-01
3.141593e-02 -1.047198e-02 8.326476e-01
3.316126e-02 -1.047198e-02 8.377979e-01
3.490659e-02 -1.047198e-02 8.428046e-01
3.665191e-02 -1.047198e-02 8.479115e-01
3.839724e-02 -1.047198e-02 8.531389e-01
4.014257e-02 -1.047198e-02 8.583634e-01
4.188790e-02 -1.047198e-02 8.637650e-01
4.363323e-02 -1.047198e-02 8.691154e-01
4.537856e-02 -1.047198e-02 8.745358e-01
4.712389e-02 -1.047198e-02 8.797982e-01
4.886922e-02 -1.047198e-02 8.850210e-01
5.061455e-02 -1.047198e-02 8.903657e-01
5.235988e-02 -1.047198e-02 8.957690e-01
0.000000e+00 -6.981317e-03 7.731548e-01
1.745329e-03 -6.981317e-03 7.730282e-01
3.490659e-03 -6.981317e-03 7.733696e-01
5.235988e-03 -6.981317e-03 7.735821e-01
6.981317e-03 -6.981317e-03 7.741341e-01
8.726646e-03 -6.981317e-03 7.782684e-01
1.047198e-02 -6.981317e-03 7.823585e-01
1.221730e-02 -6.981317e-03 7.864287e-01
1.396263e-02 -6.981317e-03 7.908205e-01
1.570796e-02 -6.981317e-03 7.953305e-01
1.745329e-02 -6.981317e-03 8.001448e-01
1.919862e-02 -6.981317e-03 8.050959e-01
2.094395e-02 -6.981317e-03 8.098442e-01
2.268928e-02 -6.981317e-03 8.148564e-01
2.443461e-02 -6.981317e-03 8.199559e-01
2.617994e-02 -6.981317e-03 8.251353e-01
2.792527e-02 -6.981317e-03 8.304071e-01
2.967060e-02 -6.981317e-03 8.357194e-01
2.967060e-02 -6.981317e-03 8.357194e-01
3.141593e-02 -6.981317e-03 8.409761e-01
3.316126e-02 -6.981317e-03 8.462250e-01
3.490659e-02 -6.981317e-03 8.514135e-01
3.665191e-02 -6.981317e-03 8.565612e-01
3.839724e-02 -6.981317e-03 8.616646e-01
4.014257e-02 -6.981317e-03 8.666056e-01
4.188790e-02 -6.981317e-03 8.717216e-01
4.363323e-02 -6.981317e-03 8.768797e-01
4.537856e-02 -6.981317e-03 8.821900e-01
4.712389e-02 -6.981317e-03 8.874132e-01
4.886922e-02 -6.981317e-03 8.924595e-01
5.061455e-02 -6.981317e-03 8.976395e-01
5.235988e-02 -6.981317e-03 9.028930e-01
0.000000e+00 -3.490659e-03 7.774490e-01
1.745329e-03 -3.490659e-03 7.773222e-01
3.490659e-03 -3.490659e-03 7.779027e-01
5.235988e-03 -3.490659e-03 7.819570e-01
6.981317e-03 -3.490659e-03 7.859042e-01
8.726646e-03 -3.490659e-03 7.902379e-01
1.047198e-02 -3.490659e-03 7.943530e-01
1.221730e-02 -3.490659e-03 7.984186e-01
1.396263e-02 -3.490659e-03 8.027105e-01
1.570796e-02 -3.490659e-03 8.070472e-01
1.745329e-02 -3.490659e-03 8.116792e-01
1.919862e-02 -3.490659e-03 8.161868e-01
2.094395e-02 -3.490659e-03 8.207858e-01
2.268928e-02 -3.490659e-03 8.255254e-01
2.443461e-02 -3.490659e-03 8.302259e-01
2.617994e-02 -3.490659e-03 8.350064e-01
2.792527e-02 -3.490659e-03 8.398447e-01
2.967060e-02 -3.490659e-03 8.448506e-01
3.141593e-02 -3.490659e-03 8.499006e-01
3.316126e-02 -3.490659e-03 8.551163e-01
3.490659e-02 -3.490659e-03 8.604201e-01
3.665191e-02 -3.490659e-03 8.656354e-01
3.839724e-02 -3.490659e-03 8.708880e-01
4.014257e-02 -3.490659e-03 8.758529e-01
4.188790e-02 -3.490659e-03 8.808249e-01
4.363323e-02 -3.490659e-03 8.857872e-01
4.537856e-02 -3.490659e-03 8.906945e-01
4.712389e-02 -3.490659e-03 8.957899e-01
4.886922e-02 -3.490659e-03 9.005772e-01
5.061455e-02 -3.490659e-03 9.054991e-01
5.235988e-02 -3.490659e-03 9.105112e-01
0.000000e+00 0.000000e+00 7.812827e-01
1.745329e-03 0.000000e+00 7.851487e-01
3.490659e-03 0.000000e+00 7.894679e-01
5.235988e-03 0.000000e+00 7.936187e-01
6.981317e-03 0.000000e+00 7.976312e-01
8.726646e-03 0.000000e+00 8.020405e-01
1.047198e-02 0.000000e+00 8.062266e-01
1.221730e-02 0.000000e+00 8.103678e-01
1.396263e-02 0.000000e+00 8.147442e-01
1.570796e-02 0.000000e+00 8.191574e-01
1.745329e-02 0.000000e+00 8.238051e-01
1.919862e-02 0.000000e+00 8.281354e-01
2.094395e-02 0.000000e+00 8.326943e-01
2.268928e-02 0.000000e+00 8.372908e-01
2.443461e-02 0.000000e+00 8.418373e-01
2.617994e-02 0.000000e+00 8.464420e-01
2.617994e-02 0.000000e+00 8.464420e-01
2.792527e-02 0.000000e+00 8.509912e-01
2.967060e-02 0.000000e+00 8.556938e-01
3.141593e-02 0.000000e+00 8.603669e-01
3.316126e-02 0.000000e+00 8.651570e-01
3.490659e-02 0.000000e+00 8.700582e-01
3.665191e-02 0.000000e+00 8.749669e-01
3.839724e-02 0.000000e+00 8.800627e-01
4.014257e-02 0.000000e+00 8.851075e-01
4.188790e-02 0.000000e+00 8.900065e-01
4.363323e-02 0.000000e+00 8.950348e-01
4.537856e-02 0.000000e+00 9.000016e-01
4.712389e-02 0.000000e+00 9.048770e-01
4.886922e-02 0.000000e+00 9.097837e-01
5.061455e-02 0.000000e+00 9.143159e-01
5.235988e-02 0.000000e+00 9.190379e-01
0.000000e+00 3.490659e-03 8.027917e-01
1.745329e-03 3.490659e-03 8.026672e-01
3.490659e-03 3.490659e-03 8.032488e-01
5.235988e-03 3.490659e-03 8.074316e-01
6.981317e-03 3.490659e-03 8.115263e-01
8.726646e-03 3.490659e-03 8.160390e-01
1.047198e-02 3.490659e-03 8.203198e-01
1.221730e-02 3.490659e-03 8.245343e-01
1.396263e-02 3.490659e-03 8.289604e-01
1.570796e-02 3.490659e-03 8.334053e-01
1.745329e-02 3.490659e-03 8.379957e-01
1.919862e-02 3.490659e-03 8.422117e-01
2.094395e-02 3.490659e-03 8.466779e-01
2.268928e-02 3.490659e-03 8.511237e-01
2.443461e-02 3.490659e-03 8.555112e-01
2.617994e-02 3.490659e-03 8.599703e-01
2.792527e-02 3.490659e-03 8.644013e-01
2.967060e-02 3.490659e-03 8.689611e-01
3.141593e-02 3.490659e-03 8.734455e-01
3.316126e-02 3.490659e-03 8.780324e-01
3.490659e-02 3.490659e-03 8.826545e-01
3.665191e-02 3.490659e-03 8.872795e-01
3.839724e-02 3.490659e-03 8.921555e-01
4.014257e-02 3.490659e-03 8.970099e-01
4.188790e-02 3.490659e-03 9.018952e-01
4.363323e-02 3.490659e-03 9.066362e-01
4.537856e-02 3.490659e-03 9.115293e-01
4.712389e-02 3.490659e-03 9.163222e-01
4.886922e-02 3.490659e-03 9.211324e-01
5.061455e-02 3.490659e-03 9.258106e-01
5.235988e-02 3.490659e-03 9.302759e-01
0.000000e+00 6.981317e-03 8.248069e-01
1.745329e-03 6.981317e-03 8.247092e-01
3.490659e-03 6.981317e-03 8.250570e-01
5.235988e-03 6.981317e-03 8.252670e-01
6.981317e-03 6.981317e-03 8.258371e-01
8.726646e-03 6.981317e-03 8.302457e-01
1.047198e-02 6.981317e-03 8.343985e-01
1.221730e-02 6.981317e-03 8.384818e-01
1.396263e-02 6.981317e-03 8.427829e-01
1.570796e-02 6.981317e-03 8.472155e-01
1.745329e-02 6.981317e-03 8.515453e-01
1.919862e-02 6.981317e-03 8.556644e-01
2.094395e-02 6.981317e-03 8.600277e-01
2.268928e-02 6.981317e-03 8.643645e-01
2.268928e-02 6.981317e-03 8.643645e-01
2.443461e-02 6.981317e-03 8.686669e-01
2.617994e-02 6.981317e-03 8.730591e-01
2.792527e-02 6.981317e-03 8.774793e-01
2.967060e-02 6.981317e-03 8.821005e-01
3.141593e-02 6.981317e-03 8.866386e-01
3.316126e-02 6.981317e-03 8.913044e-01
3.490659e-02 6.981317e-03 8.960069e-01
3.665191e-02 6.981317e-03 9.007267e-01
3.839724e-02 6.981317e-03 9.055352e-01
4.014257e-02 6.981317e-03 9.102402e-01
4.188790e-02 6.981317e-03 9.149937e-01
4.363323e-02 6.981317e-03 9.196380e-01
4.537856e-02 6.981317e-03 9.241720e-01
4.712389e-02 6.981317e-03 9.287216e-01
4.886922e-02 6.981317e-03 9.332464e-01
5.061455e-02 6.981317e-03 9.378431e-01
5.235988e-02 6.981317e-03 9.422691e-01
0.000000e+00 1.047198e-02 8.472672e-01
1.745329e-03 1.047198e-02 8.471333e-01
3.490659e-03 1.047198e-02 8.474102e-01
5.235988e-03 1.047198e-02 8.475309e-01
6.981317e-03 1.047198e-02 8.475278e-01
8.726646e-03 1.047198e-02 8.479453e-01
1.047198e-02 1.047198e-02 8.488662e-01
1.221730e-02 1.047198e-02 8.528645e-01
1.396263e-02 1.047198e-02 8.570711e-01
1.570796e-02 1.047198e-02 8.614553e-01
1.745329e-02 1.047198e-02 8.656076e-01
1.919862e-02 1.047198e-02 8.697566e-01
2.094395e-02 1.047198e-02 8.740703e-01
2.268928e-02 1.047198e-02 8.783615e-01
2.443461e-02 1.047198e-02 8.826159e-01
2.617994e-02 1.047198e-02 8.869439e-01
2.792527e-02 1.047198e-02 8.912663e-01
2.967060e-02 1.047198e-02 8.957061e-01
3.141593e-02 1.047198e-02 9.001373e-01
3.316126e-02 1.047198e-02 9.046503e-01
3.490659e-02 1.047198e-02 9.091893e-01
3.665191e-02 1.047198e-02 9.137796e-01
3.839724e-02 1.047198e-02 9.184433e-01
4.014257e-02 1.047198e-02 9.230688e-01
4.188790e-02 1.047198e-02 9.277404e-01
4.363323e-02 1.047198e-02 9.323643e-01
4.537856e-02 1.047198e-02 9.369128e-01
4.712389e-02 1.047198e-02 9.414117e-01
4.886922e-02 1.047198e-02 9.459470e-01
5.061455e-02 1.047198e-02 9.505351e-01
5.235988e-02 1.047198e-02 9.549763e-01
0.000000e+00 1.396263e-02 8.689275e-01
1.745329e-03 1.396263e-02 8.687979e-01
3.490659e-03 1.396263e-02 8.690792e-01
5.235988e-03 1.396263e-02 8.691803e-01
6.981317e-03 1.396263e-02 8.690987e-01
8.726646e-03 1.396263e-02 8.694277e-01
1.047198e-02 1.396263e-02 8.694913e-01
1.221730e-02 1.396263e-02 8.696127e-01
1.396263e-02 1.396263e-02 8.708746e-01
1.570796e-02 1.396263e-02 8.752264e-01
1.745329e-02 1.396263e-02 8.792767e-01
1.919862e-02 1.396263e-02 8.833817e-01
1.919862e-02 1.396263e-02 8.833817e-01
2.094395e-02 1.396263e-02 8.876281e-01
2.268928e-02 1.396263e-02 8.918425e-01
2.443461e-02 1.396263e-02 8.960652e-01
2.617994e-02 1.396263e-02 9.002993e-01
2.792527e-02 1.396263e-02 9.045156e-01
2.967060e-02 1.396263e-02 9.088484e-01
3.141593e-02 1.396263e-02 9.131692e-01
3.316126e-02 1.396263e-02 9.175581e-01
3.490659e-02 1.396263e-02 9.219825e-01
3.665191e-02 1.396263e-02 9.263822e-01
3.839724e-02 1.396263e-02 9.308823e-01
4.014257e-02 1.396263e-02 9.353482e-01
4.188790e-02 1.396263e-02 9.398749e-01
4.363323e-02 1.396263e-02 9.443932e-01
4.537856e-02 1.396263e-02 9.489197e-01
4.712389e-02 1.396263e-02 9.533973e-01
4.886922e-02 1.396263e-02 9.579256e-01
5.061455e-02 1.396263e-02 9.625076e-01
5.235988e-02 1.396263e-02 9.669889e-01
0.000000e+00 1.745329e-02 8.903634e-01
1.745329e-03 1.745329e-02 8.902400e-01
3.490659e-03 1.745329e-02 8.905246e-01
5.235988e-03 1.745329e-02 8.906274e-01
6.981317e-03 1.745329e-02 8.905491e-01
8.726646e-03 1.745329e-02 8.908408e-01
1.047198e-02 1.745329e-02 8.907938e-01
1.221730e-02 1.745329e-02 8.908602e-01
1.396263e-02 1.745329e-02 8.911272e-01
1.570796e-02 1.745329e-02 8.915250e-01
1.745329e-02 1.745329e-02 8.928784e-01
1.919862e-02 1.745329e-02 8.969719e-01
2.094395e-02 1.745329e-02 9.011843e-01
2.268928e-02 1.745329e-02 9.053585e-01
2.443461e-02 1.745329e-02 9.095242e-01
2.617994e-02 1.745329e-02 9.136917e-01
2.792527e-02 1.745329e-02 9.178512e-01
2.967060e-02 1.745329e-02 9.221123e-01
3.141593e-02 1.745329e-02 9.263336e-01
3.316126e-02 1.745329e-02 9.306061e-01
3.490659e-02 1.745329e-02 9.349111e-01
3.665191e-02 1.745329e-02 9.392197e-01
3.839724e-02 1.745329e-02 9.435959e-01
4.014257e-02 1.745329e-02 9.479317e-01
4.188790e-02 1.745329e-02 9.523589e-01
4.363323e-02 1.745329e-02 9.568091e-01
4.537856e-02 1.745329e-02 9.612269e-01
4.712389e-02 1.745329e-02 9.656300e-01
4.886922e-02 1.745329e-02 9.700851e-01
5.061455e-02 1.745329e-02 9.745241e-01
5.235988e-02 1.745329e-02 9.789834e-01
0.000000e+00 2.094395e-02 9.120665e-01
1.745329e-03 2.094395e-02 9.119491e-01
3.490659e-03 2.094395e-02 9.122366e-01
5.235988e-03 2.094395e-02 9.123427e-01
6.981317e-03 2.094395e-02 9.122665e-01
8.726646e-03 2.094395e-02 9.125561e-01
1.047198e-02 2.094395e-02 9.125014e-01
1.221730e-02 2.094395e-02 9.125488e-01
1.396263e-02 2.094395e-02 9.127474e-01
1.570796e-02 2.094395e-02 9.129833e-01
1.570796e-02 2.094395e-02 9.129833e-01
1.745329e-02 2.094395e-02 9.130983e-01
1.919862e-02 2.094395e-02 9.133276e-01
2.094395e-02 2.094395e-02 9.151068e-01
2.268928e-02 2.094395e-02 9.192880e-01
2.443461e-02 2.094395e-02 9.234146e-01
2.617994e-02 2.094395e-02 9.275769e-01
2.792527e-02 2.094395e-02 9.317089e-01
2.967060e-02 2.094395e-02 9.359300e-01
3.141593e-02 2.094395e-02 9.400881e-01
3.316126e-02 2.094395e-02 9.443010e-01
3.490659e-02 2.094395e-02 9.485438e-01
3.665191e-02 2.094395e-02 9.527967e-01
3.839724e-02 2.094395e-02 9.570782e-01
4.014257e-02 2.094395e-02 9.613330e-01
4.188790e-02 2.094395e-02 9.656615e-01
4.363323e-02 2.094395e-02 9.699967e-01
4.537856e-02 2.094395e-02 9.743376e-01
4.712389e-02 2.094395e-02 9.786839e-01
4.886922e-02 2.094395e-02 9.830590e-01
5.061455e-02 2.094395e-02 9.874703e-01
5.235988e-02 2.094395e-02 9.918357e-01
0.000000e+00 2.443461e-02 9.335477e-01
1.745329e-03 2.443461e-02 9.334352e-01
3.490659e-03 2.443461e-02 9.337278e-01
5.235988e-03 2.443461e-02 9.338213e-01
6.981317e-03 2.443461e-02 9.337693e-01
8.726646e-03 2.443461e-02 9.340504e-01
1.047198e-02 2.443461e-02 9.339983e-01
1.221730e-02 2.443461e-02 9.340575e-01
1.396263e-02 2.443461e-02 9.342786e-01
1.570796e-02 2.443461e-02 9.344165e-01
1.745329e-02 2.443461e-02 9.344380e-01
1.919862e-02 2.443461e-02 9.345930e-01
2.094395e-02 2.443461e-02 9.348748e-01
2.268928e-02 2.443461e-02 9.351925e-01
2.443461e-02 2.443461e-02 9.371395e-01
2.617994e-02 2.443461e-02 9.413024e-01
2.792527e-02 2.443461e-02 9.454396e-01
2.967060e-02 2.443461e-02 9.496507e-01
3.141593e-02 2.443461e-02 9.538042e-01
3.316126e-02 2.443461e-02 9.580025e-01
3.490659e-02 2.443461e-02 9.622050e-01
3.665191e-02 2.443461e-02 9.664262e-01
3.839724e-02 2.443461e-02 9.706404e-01
4.014257e-02 2.443461e-02 9.748650e-01
4.188790e-02 2.443461e-02 9.791562e-01
4.363323e-02 2.443461e-02 9.834177e-01
4.537856e-02 2.443461e-02 9.876794e-01
4.712389e-02 2.443461e-02 9.919585e-01
4.886922e-02 2.443461e-02 9.962702e-01
5.061455e-02 2.443461e-02 1.000604e+00
5.235988e-02 2.443461e-02 1.004968e+00
0.000000e+00 2.792527e-02 9.547425e-01
1.745329e-03 2.792527e-02 9.546329e-01
3.490659e-03 2.792527e-02 9.549322e-01
5.235988e-03 2.792527e-02 9.550050e-01
6.981317e-03 2.792527e-02 9.550027e-01
8.726646e-03 2.792527e-02 9.552596e-01
1.047198e-02 2.792527e-02 9.552127e-01
1.221730e-02 2.792527e-02 9.552721e-01
1.221730e-02 2.792527e-02 9.552721e-01
1.396263e-02 2.792527e-02 9.555183e-01
1.570796e-02 2.792527e-02 9.556212e-01
1.745329e-02 2.792527e-02 9.556579e-01
1.919862e-02 2.792527e-02 9.557557e-01
2.094395e-02 2.792527e-02 9.559338e-01
2.268928e-02 2.792527e-02 9.561491e-01
2.443461e-02 2.792527e-02 9.563870e-01
2.617994e-02 2.792527e-02 9.567184e-01
2.792527e-02 2.792527e-02 9.589441e-01
2.967060e-02 2.792527e-02 9.631516e-01
3.141593e-02 2.792527e-02 9.673146e-01
3.316126e-02 2.792527e-02 9.715163e-01
3.490659e-02 2.792527e-02 9.757096e-01
3.665191e-02 2.792527e-02 9.799159e-01
3.839724e-02 2.792527e-02 9.841168e-01
4.014257e-02 2.792527e-02 9.883333e-01
4.188790e-02 2.792527e-02 9.925701e-01
4.363323e-02 2.792527e-02 9.967897e-01
4.537856e-02 2.792527e-02 1.001035e+00
4.712389e-02 2.792527e-02 1.005268e+00
4.886922e-02 2.792527e-02 1.009541e+00
5.061455e-02 2.792527e-02 1.013849e+00
5.235988e-02 2.792527e-02 1.018165e+00
0.000000e+00 3.141593e-02 9.760417e-01
1.745329e-03 3.141593e-02 9.759447e-01
3.490659e-03 3.141593e-02 9.762413e-01
5.235988e-03 3.141593e-02 9.762970e-01
6.981317e-03 3.141593e-02 9.763415e-01
8.726646e-03 3.141593e-02 9.765793e-01
1.047198e-02 3.141593e-02 9.765367e-01
1.221730e-02 3.141593e-02 9.766264e-01
1.396263e-02 3.141593e-02 9.768647e-01
1.570796e-02 3.141593e-02 9.769425e-01
1.745329e-02 3.141593e-02 9.769976e-01
1.919862e-02 3.141593e-02 9.771063e-01
2.094395e-02 3.141593e-02 9.772827e-01
2.268928e-02 3.141593e-02 9.774351e-01
2.443461e-02 3.141593e-02 9.775744e-01
2.617994e-02 3.141593e-02 9.778276e-01
2.792527e-02 3.141593e-02 9.781199e-01
2.967060e-02 3.141593e-02 9.784955e-01
3.141593e-02 3.141593e-02 9.809981e-01
3.316126e-02 3.141593e-02 9.851827e-01
3.490659e-02 3.141593e-02 9.893919e-01
3.665191e-02 3.141593e-02 9.935859e-01
3.839724e-02 3.141593e-02 9.977890e-01
4.014257e-02 3.141593e-02 1.002009e+00
4.188790e-02 3.141593e-02 1.006241e+00
4.363323e-02 3.141593e-02 1.010481e+00
4.537856e-02 3.141593e-02 1.014720e+00
4.712389e-02 3.141593e-02 1.018931e+00
4.886922e-02 3.141593e-02 1.023174e+00
5.061455e-02 3.141593e-02 1.027445e+00
5.235988e-02 3.141593e-02 1.031762e+00
0.000000e+00 3.490659e-02 9.972219e-01
1.745329e-03 3.490659e-02 9.971318e-01
3.490659e-03 3.490659e-02 9.974336e-01
5.235988e-03 3.490659e-02 9.974755e-01
6.981317e-03 3.490659e-02 9.975540e-01
8.726646e-03 3.490659e-02 9.977674e-01
8.726646e-03 3.490659e-02 9.977674e-01
1.047198e-02 3.490659e-02 9.977376e-01
1.221730e-02 3.490659e-02 9.978551e-01
1.396263e-02 3.490659e-02 9.980589e-01
1.570796e-02 3.490659e-02 9.981508e-01
1.745329e-02 3.490659e-02 9.982181e-01
1.919862e-02 3.490659e-02 9.983782e-01
2.094395e-02 3.490659e-02 9.985423e-01
2.268928e-02 3.490659e-02 9.987109e-01
2.443461e-02 3.490659e-02 9.988622e-01
2.617994e-02 3.490659e-02 9.990320e-01
2.792527e-02 3.490659e-02 9.992181e-01
2.967060e-02 3.490659e-02 9.995046e-01
3.141593e-02 3.490659e-02 9.998203e-01
3.316126e-02 3.490659e-02 1.000197e+00
3.490659e-02 3.490659e-02 1.002977e+00
3.665191e-02 3.490659e-02 1.007188e+00
3.839724e-02 3.490659e-02 1.011406e+00
4.014257e-02 3.490659e-02 1.015625e+00
4.188790e-02 3.490659e-02 1.019861e+00
4.363323e-02 3.490659e-02 1.024112e+00
4.537856e-02 3.490659e-02 1.028357e+00
4.712389e-02 3.490659e-02 1.032599e+00
4.886922e-02 3.490659e-02 1.036853e+00
5.061455e-02 3.490659e-02 1.041114e+00
5.235988e-02 3.490659e-02 1.045390e+00
0.000000e+00 3.839724e-02 1.018253e+00
1.745329e-03 3.839724e-02 1.018168e+00
3.490659e-03 3.839724e-02 1.018475e+00
5.235988e-03 3.839724e-02 1.018506e+00
6.981317e-03 3.839724e-02 1.018616e+00
8.726646e-03 3.839724e-02 1.018819e+00
1.047198e-02 3.839724e-02 1.018789e+00
1.221730e-02 3.839724e-02 1.018935e+00
1.396263e-02 3.839724e-02 1.019120e+00
1.570796e-02 3.839724e-02 1.019228e+00
1.745329e-02 3.839724e-02 1.019316e+00
1.919862e-02 3.839724e-02 1.019525e+00
2.094395e-02 3.839724e-02 1.019688e+00
2.268928e-02 3.839724e-02 1.019863e+00
2.443461e-02 3.839724e-02 1.020044e+00
2.617994e-02 3.839724e-02 1.020227e+00
2.792527e-02 3.839724e-02 1.020403e+00
2.967060e-02 3.839724e-02 1.020589e+00
3.141593e-02 3.839724e-02 1.020805e+00
3.316126e-02 3.839724e-02 1.021113e+00
3.490659e-02 3.839724e-02 1.021486e+00
3.665191e-02 3.839724e-02 1.021903e+00
3.839724e-02 3.839724e-02 1.024935e+00
4.014257e-02 3.839724e-02 1.029160e+00
4.188790e-02 3.839724e-02 1.033402e+00
4.363323e-02 3.839724e-02 1.037655e+00
4.537856e-02 3.839724e-02 1.041913e+00
4.712389e-02 3.839724e-02 1.046167e+00
4.886922e-02 3.839724e-02 1.050429e+00
5.061455e-02 3.839724e-02 1.054700e+00
5.235988e-02 3.839724e-02 1.058999e+00
0.000000e+00 4.188790e-02 1.039166e+00
1.745329e-03 4.188790e-02 1.039088e+00
3.490659e-03 4.188790e-02 1.039398e+00
5.235988e-03 4.188790e-02 1.039420e+00
5.235988e-03 4.188790e-02 1.039420e+00
6.981317e-03 4.188790e-02 1.039551e+00
8.726646e-03 4.188790e-02 1.039744e+00
1.047198e-02 4.188790e-02 1.039731e+00
1.221730e-02 4.188790e-02 1.039908e+00
1.396263e-02 4.188790e-02 1.040097e+00
1.570796e-02 4.188790e-02 1.040225e+00
1.745329e-02 4.188790e-02 1.040356e+00
1.919862e-02 4.188790e-02 1.040571e+00
2.094395e-02 4.188790e-02 1.040755e+00
2.268928e-02 4.188790e-02 1.040935e+00
2.443461e-02 4.188790e-02 1.041139e+00
2.617994e-02 4.188790e-02 1.041336e+00
2.792527e-02 4.188790e-02 1.041524e+00
2.967060e-02 4.188790e-02 1.041727e+00
3.141593e-02 4.188790e-02 1.041939e+00
3.316126e-02 4.188790e-02 1.042158e+00
3.490659e-02 4.188790e-02 1.042402e+00
3.665191e-02 4.188790e-02 1.042739e+00
3.839724e-02 4.188790e-02 1.043132e+00
4.014257e-02 4.188790e-02 1.043567e+00
4.188790e-02 4.188790e-02 1.046883e+00
4.363323e-02 4.188790e-02 1.051131e+00
4.537856e-02 4.188790e-02 1.055396e+00
4.712389e-02 4.188790e-02 1.059653e+00
4.886922e-02 4.188790e-02 1.063920e+00
5.061455e-02 4.188790e-02 1.068206e+00
5.235988e-02 4.188790e-02 1.072498e+00
0.000000e+00 4.537856e-02 1.060041e+00
1.745329e-03 4.537856e-02 1.059968e+00
3.490659e-03 4.537856e-02 1.060284e+00
5.235988e-03 4.537856e-02 1.060302e+00
6.981317e-03 4.537856e-02 1.060459e+00
8.726646e-03 4.537856e-02 1.060649e+00
1.047198e-02 4.537856e-02 1.060674e+00
1.221730e-02 4.537856e-02 1.060899e+00
1.396263e-02 4.537856e-02 1.061085e+00
1.570796e-02 4.537856e-02 1.061233e+00
1.745329e-02 4.537856e-02 1.061405e+00
1.919862e-02 4.537856e-02 1.061622e+00
2.094395e-02 4.537856e-02 1.061819e+00
2.268928e-02 4.537856e-02 1.062027e+00
2.443461e-02 4.537856e-02 1.062227e+00
2.617994e-02 4.537856e-02 1.062451e+00
2.792527e-02 4.537856e-02 1.062664e+00
2.967060e-02 4.537856e-02 1.062882e+00
3.141593e-02 4.537856e-02 1.063111e+00
3.316126e-02 4.537856e-02 1.063345e+00
3.490659e-02 4.537856e-02 1.063568e+00
3.665191e-02 4.537856e-02 1.063803e+00
3.839724e-02 4.537856e-02 1.064067e+00
4.014257e-02 4.537856e-02 1.064446e+00
4.188790e-02 4.537856e-02 1.064866e+00
4.363323e-02 4.537856e-02 1.065351e+00
4.537856e-02 4.537856e-02 1.068927e+00
4.712389e-02 4.537856e-02 1.073185e+00
4.886922e-02 4.537856e-02 1.077471e+00
5.061455e-02 4.537856e-02 1.081744e+00
5.235988e-02 4.537856e-02 1.086052e+00
0.000000e+00 4.886922e-02 1.081444e+00
1.745329e-03 4.886922e-02 1.081383e+00
1.745329e-03 4.886922e-02 1.081383e+00
3.490659e-03 4.886922e-02 1.081700e+00
5.235988e-03 4.886922e-02 1.081729e+00
6.981317e-03 4.886922e-02 1.081933e+00
8.726646e-03 4.886922e-02 1.082126e+00
1.047198e-02 4.886922e-02 1.082186e+00
1.221730e-02 4.886922e-02 1.082450e+00
1.396263e-02 4.886922e-02 1.082643e+00
1.570796e-02 4.886922e-02 1.082807e+00
1.745329e-02 4.886922e-02 1.083027e+00
1.919862e-02 4.886922e-02 1.083250e+00
2.094395e-02 4.886922e-02 1.083457e+00
2.268928e-02 4.886922e-02 1.083691e+00
2.443461e-02 4.886922e-02 1.083917e+00
2.617994e-02 4.886922e-02 1.084156e+00
2.792527e-02 4.886922e-02 1.084390e+00
2.967060e-02 4.886922e-02 1.084627e+00
3.141593e-02 4.886922e-02 1.084873e+00
3.316126e-02 4.886922e-02 1.085109e+00
3.490659e-02 4.886922e-02 1.085360e+00
3.665191e-02 4.886922e-02 1.085614e+00
3.839724e-02 4.886922e-02 1.085846e+00
4.014257e-02 4.886922e-02 1.086083e+00
4.188790e-02 4.886922e-02 1.086396e+00
4.363323e-02 4.886922e-02 1.086802e+00
4.537856e-02 4.886922e-02 1.087264e+00
4.712389e-02 4.886922e-02 1.087776e+00
4.886922e-02 4.886922e-02 1.091603e+00
5.061455e-02 4.886922e-02 1.095890e+00
5.235988e-02 4.886922e-02 1.100208e+00
0.000000e+00 5.235988e-02 1.103285e+00
1.745329e-03 5.235988e-02 1.103239e+00
3.490659e-03 5.235988e-02 1.103581e+00
5.235988e-03 5.235988e-02 1.103635e+00
6.981317e-03 5.235988e-02 1.103889e+00
8.726646e-03 5.235988e-02 1.104088e+00
1.047198e-02 5.235988e-02 1.104177e+00
1.221730e-02 5.235988e-02 1.104491e+00
1.396263e-02 5.235988e-02 1.104697e+00
1.570796e-02 5.235988e-02 1.104885e+00
1.745329e-02 5.235988e-02 1.105136e+00
1.919862e-02 5.235988e-02 1.105368e+00
2.094395e-02 5.235988e-02 1.105603e+00
2.268928e-02 5.235988e-02 1.105857e+00
2.443461e-02 5.235988e-02 1.106101e+00
2.617994e-02 5.235988e-02 1.106344e+00
2.792527e-02 5.235988e-02 1.106593e+00
2.967060e-02 5.235988e-02 1.106854e+00
3.141593e-02 5.235988e-02 1.107116e+00
3.316126e-02 5.235988e-02 1.107385e+00
3.490659e-02 5.235988e-02 1.107638e+00
3.665191e-02 5.235988e-02 1.107882e+00
3.839724e-02 5.235988e-02 1.108140e+00
4.014257e-02 5.235988e-02 1.108386e+00
4.188790e-02 5.235988e-02 1.108637e+00
4.363323e-02 5.235988e-02 1.108918e+00
4.537856e-02 5.235988e-02 1.109269e+00
4.712389e-02 5.235988e-02 1.109708e+00
4.886922e-02 5.235988e-02 1.110192e+00
5.061455e-02 5.235988e-02 1.110737e+00
5.235988e-02 5.235988e-02 1.114845e+00
