Theta in X-Y plane [radians]     Phi from X-Y plane [radians]      Area [m^2]
0.000000e+00 -5.235988e-02 1.298993e+00
1.745329e-03 -5.235988e-02 1.299268e+00
3.490659e-03 -5.235988e-02 1.299539e+00
5.235988e-03 -5.235988e-02 1.299725e+00
6.981317e-03 -5.235988e-02 1.299959e+00
8.726646e-03 -5.235988e-02 1.300200e+00
1.047198e-02 -5.235988e-02 1.300415e+00
1.221730e-02 -5.235988e-02 1.300651e+00
1.396263e-02 -5.235988e-02 1.300904e+00
1.570796e-02 -5.235988e-02 1.301108e+00
1.745329e-02 -5.235988e-02 1.301248e+00
1.919862e-02 -5.235988e-02 1.301477e+00
2.094395e-02 -5.235988e-02 1.301712e+00
2.268928e-02 -5.235988e-02 1.301932e+00
2.443461e-02 -5.235988e-02 1.302084e+00
2.617994e-02 -5.235988e-02 1.302268e+00
2.792527e-02 -5.235988e-02 1.302459e+00
2.967060e-02 -5.235988e-02 1.302655e+00
3.141593e-02 -5.235988e-02 1.302818e+00
3.316126e-02 -5.235988e-02 1.302994e+00
3.490659e-02 -5.235988e-02 1.303175e+00
3.665191e-02 -5.235988e-02 1.303345e+00
3.839724e-02 -5.235988e-02 1.303481e+00
4.014257e-02 -5.235988e-02 1.303648e+00
4.188790e-02 -5.235988e-02 1.303824e+00
4.363323e-02 -5.235988e-02 1.303976e+00
4.537856e-02 -5.235988e-02 1.307136e+00
4.712389e-02 -5.235988e-02 1.310839e+00
4.886922e-02 -5.235988e-02 1.314629e+00
5.061455e-02 -5.235988e-02 1.318546e+00
5.235988e-02 -5.235988e-02 1.322550e+00
0.000000e+00 -4.886922e-02 1.278252e+00
1.745329e-03 -4.886922e-02 1.278525e+00
3.490659e-03 -4.886922e-02 1.278799e+00
5.235988e-03 -4.886922e-02 1.278984e+00
6.981317e-03 -4.886922e-02 1.279214e+00
8.726646e-03 -4.886922e-02 1.279466e+00
1.047198e-02 -4.886922e-02 1.279679e+00
1.221730e-02 -4.886922e-02 1.279909e+00
1.396263e-02 -4.886922e-02 1.280167e+00
1.570796e-02 -4.886922e-02 1.280369e+00
1.745329e-02 -4.886922e-02 1.280528e+00
1.919862e-02 -4.886922e-02 1.280743e+00
2.094395e-02 -4.886922e-02 1.280977e+00
2.268928e-02 -4.886922e-02 1.281193e+00
2.443461e-02 -4.886922e-02 1.281349e+00
2.617994e-02 -4.886922e-02 1.281529e+00
2.792527e-02 -4.886922e-02 1.281709e+00
2.967060e-02 -4.886922e-02 1.281926e+00
3.141593e-02 -4.886922e-02 1.282093e+00
3.316126e-02 -4.886922e-02 1.282266e+00
3.490659e-02 -4.886922e-02 1.282434e+00
3.665191e-02 -4.886922e-02 1.282621e+00
3.839724e-02 -4.886922e-02 1.282750e+00
4.014257e-02 -4.886922e-02 1.282924e+00
4.188790e-02 -4.886922e-02 1.284992e+00
4.363323e-02 -4.886922e-02 1.288722e+00
4.537856e-02 -4.886922e-02 1.292442e+00
4.712389e-02 -4.886922e-02 1.296374e+00
4.886922e-02 -4.886922e-02 1.300407e+00
5.061455e-02 -4.886922e-02 1.304494e+00
5.061455e-02 -4.886922e-02 1.304494e+00
5.235988e-02 -4.886922e-02 1.308607e+00
0.000000e+00 -4.537856e-02 1.257624e+00
1.745329e-03 -4.537856e-02 1.257896e+00
3.490659e-03 -4.537856e-02 1.258174e+00
5.235988e-03 -4.537856e-02 1.258349e+00
6.981317e-03 -4.537856e-02 1.258582e+00
8.726646e-03 -4.537856e-02 1.258840e+00
1.047198e-02 -4.537856e-02 1.259056e+00
1.221730e-02 -4.537856e-02 1.259281e+00
1.396263e-02 -4.537856e-02 1.259543e+00
1.570796e-02 -4.537856e-02 1.259735e+00
1.745329e-02 -4.537856e-02 1.259915e+00
1.919862e-02 -4.537856e-02 1.260113e+00
2.094395e-02 -4.537856e-02 1.260348e+00
2.268928e-02 -4.537856e-02 1.260563e+00
2.443461e-02 -4.537856e-02 1.260730e+00
2.617994e-02 -4.537856e-02 1.260898e+00
2.792527e-02 -4.537856e-02 1.261078e+00
2.967060e-02 -4.537856e-02 1.261305e+00
3.141593e-02 -4.537856e-02 1.261484e+00
3.316126e-02 -4.537856e-02 1.261646e+00
3.490659e-02 -4.537856e-02 1.261814e+00
3.665191e-02 -4.537856e-02 1.262001e+00
3.839724e-02 -4.537856e-02 1.262879e+00
4.014257e-02 -4.537856e-02 1.266646e+00
4.188790e-02 -4.537856e-02 1.270433e+00
4.363323e-02 -4.537856e-02 1.274325e+00
4.537856e-02 -4.537856e-02 1.278314e+00
4.712389e-02 -4.537856e-02 1.282419e+00
4.886922e-02 -4.537856e-02 1.286555e+00
5.061455e-02 -4.537856e-02 1.290731e+00
5.235988e-02 -4.537856e-02 1.294856e+00
0.000000e+00 -4.188790e-02 1.237032e+00
1.745329e-03 -4.188790e-02 1.237307e+00
3.490659e-03 -4.188790e-02 1.237587e+00
5.235988e-03 -4.188790e-02 1.237754e+00
6.981317e-03 -4.188790e-02 1.237987e+00
8.726646e-03 -4.188790e-02 1.238250e+00
1.047198e-02 -4.188790e-02 1.238470e+00
1.221730e-02 -4.188790e-02 1.238688e+00
1.396263e-02 -4.188790e-02 1.238946e+00
1.570796e-02 -4.188790e-02 1.239152e+00
1.745329e-02 -4.188790e-02 1.239345e+00
1.919862e-02 -4.188790e-02 1.239513e+00
2.094395e-02 -4.188790e-02 1.239754e+00
2.268928e-02 -4.188790e-02 1.239967e+00
2.443461e-02 -4.188790e-02 1.240147e+00
2.617994e-02 -4.188790e-02 1.240307e+00
2.792527e-02 -4.188790e-02 1.240499e+00
2.967060e-02 -4.188790e-02 1.240726e+00
3.141593e-02 -4.188790e-02 1.240915e+00
3.316126e-02 -4.188790e-02 1.241071e+00
3.490659e-02 -4.188790e-02 1.241247e+00
3.665191e-02 -4.188790e-02 1.244595e+00
3.839724e-02 -4.188790e-02 1.248408e+00
4.014257e-02 -4.188790e-02 1.252265e+00
4.188790e-02 -4.188790e-02 1.256282e+00
4.363323e-02 -4.188790e-02 1.260414e+00
4.537856e-02 -4.188790e-02 1.264545e+00
4.712389e-02 -4.188790e-02 1.268659e+00
4.712389e-02 -4.188790e-02 1.268659e+00
4.886922e-02 -4.188790e-02 1.272839e+00
5.061455e-02 -4.188790e-02 1.277037e+00
5.235988e-02 -4.188790e-02 1.281224e+00
0.000000e+00 -3.839724e-02 1.215927e+00
1.745329e-03 -3.839724e-02 1.216201e+00
3.490659e-03 -3.839724e-02 1.216482e+00
5.235988e-03 -3.839724e-02 1.216649e+00
6.981317e-03 -3.839724e-02 1.216882e+00
8.726646e-03 -3.839724e-02 1.217145e+00
1.047198e-02 -3.839724e-02 1.217370e+00
1.221730e-02 -3.839724e-02 1.217585e+00
1.396263e-02 -3.839724e-02 1.217837e+00
1.570796e-02 -3.839724e-02 1.218041e+00
1.745329e-02 -3.839724e-02 1.218247e+00
1.919862e-02 -3.839724e-02 1.218408e+00
2.094395e-02 -3.839724e-02 1.218647e+00
2.268928e-02 -3.839724e-02 1.218864e+00
2.443461e-02 -3.839724e-02 1.219058e+00
2.617994e-02 -3.839724e-02 1.219207e+00
2.792527e-02 -3.839724e-02 1.219416e+00
2.967060e-02 -3.839724e-02 1.219624e+00
3.141593e-02 -3.839724e-02 1.219825e+00
3.316126e-02 -3.839724e-02 1.221993e+00
3.490659e-02 -3.839724e-02 1.225837e+00
3.665191e-02 -3.839724e-02 1.229687e+00
3.839724e-02 -3.839724e-02 1.233690e+00
4.014257e-02 -3.839724e-02 1.237814e+00
4.188790e-02 -3.839724e-02 1.241970e+00
4.363323e-02 -3.839724e-02 1.246150e+00
4.537856e-02 -3.839724e-02 1.250336e+00
4.712389e-02 -3.839724e-02 1.254481e+00
4.886922e-02 -3.839724e-02 1.258671e+00
5.061455e-02 -3.839724e-02 1.262892e+00
5.235988e-02 -3.839724e-02 1.267093e+00
0.000000e+00 -3.490659e-02 1.194898e+00
1.745329e-03 -3.490659e-02 1.195171e+00
3.490659e-03 -3.490659e-02 1.195454e+00
5.235988e-03 -3.490659e-02 1.195618e+00
6.981317e-03 -3.490659e-02 1.195858e+00
8.726646e-03 -3.490659e-02 1.196126e+00
1.047198e-02 -3.490659e-02 1.196361e+00
1.221730e-02 -3.490659e-02 1.196560e+00
1.396263e-02 -3.490659e-02 1.196802e+00
1.570796e-02 -3.490659e-02 1.197012e+00
1.745329e-02 -3.490659e-02 1.197212e+00
1.919862e-02 -3.490659e-02 1.197385e+00
2.094395e-02 -3.490659e-02 1.197619e+00
2.268928e-02 -3.490659e-02 1.197840e+00
2.443461e-02 -3.490659e-02 1.198027e+00
2.617994e-02 -3.490659e-02 1.198190e+00
2.792527e-02 -3.490659e-02 1.198417e+00
2.967060e-02 -3.490659e-02 1.199432e+00
3.141593e-02 -3.490659e-02 1.203335e+00
3.316126e-02 -3.490659e-02 1.207176e+00
3.490659e-02 -3.490659e-02 1.211154e+00
3.665191e-02 -3.490659e-02 1.215319e+00
3.839724e-02 -3.490659e-02 1.219498e+00
4.014257e-02 -3.490659e-02 1.223646e+00
4.188790e-02 -3.490659e-02 1.227834e+00
4.363323e-02 -3.490659e-02 1.232054e+00
4.363323e-02 -3.490659e-02 1.232054e+00
4.537856e-02 -3.490659e-02 1.236263e+00
4.712389e-02 -3.490659e-02 1.240461e+00
4.886922e-02 -3.490659e-02 1.244650e+00
5.061455e-02 -3.490659e-02 1.248876e+00
5.235988e-02 -3.490659e-02 1.253078e+00
0.000000e+00 -3.141593e-02 1.174565e+00
1.745329e-03 -3.141593e-02 1.174838e+00
3.490659e-03 -3.141593e-02 1.175120e+00
5.235988e-03 -3.141593e-02 1.175282e+00
6.981317e-03 -3.141593e-02 1.175519e+00
8.726646e-03 -3.141593e-02 1.175797e+00
1.047198e-02 -3.141593e-02 1.176040e+00
1.221730e-02 -3.141593e-02 1.176225e+00
1.396263e-02 -3.141593e-02 1.176459e+00
1.570796e-02 -3.141593e-02 1.176670e+00
1.745329e-02 -3.141593e-02 1.176880e+00
1.919862e-02 -3.141593e-02 1.177057e+00
2.094395e-02 -3.141593e-02 1.177291e+00
2.268928e-02 -3.141593e-02 1.177511e+00
2.443461e-02 -3.141593e-02 1.177696e+00
2.617994e-02 -3.141593e-02 1.177867e+00
2.792527e-02 -3.141593e-02 1.181443e+00
2.967060e-02 -3.141593e-02 1.185362e+00
3.141593e-02 -3.141593e-02 1.189332e+00
3.316126e-02 -3.141593e-02 1.193451e+00
3.490659e-02 -3.141593e-02 1.197640e+00
3.665191e-02 -3.141593e-02 1.201855e+00
3.839724e-02 -3.141593e-02 1.206088e+00
4.014257e-02 -3.141593e-02 1.210275e+00
4.188790e-02 -3.141593e-02 1.214477e+00
4.363323e-02 -3.141593e-02 1.218704e+00
4.537856e-02 -3.141593e-02 1.222936e+00
4.712389e-02 -3.141593e-02 1.227182e+00
4.886922e-02 -3.141593e-02 1.231379e+00
5.061455e-02 -3.141593e-02 1.235573e+00
5.235988e-02 -3.141593e-02 1.239792e+00
0.000000e+00 -2.792527e-02 1.153242e+00
1.745329e-03 -2.792527e-02 1.153518e+00
3.490659e-03 -2.792527e-02 1.153795e+00
5.235988e-03 -2.792527e-02 1.153956e+00
6.981317e-03 -2.792527e-02 1.154212e+00
8.726646e-03 -2.792527e-02 1.154478e+00
1.047198e-02 -2.792527e-02 1.154734e+00
1.221730e-02 -2.792527e-02 1.154905e+00
1.396263e-02 -2.792527e-02 1.155128e+00
1.570796e-02 -2.792527e-02 1.155339e+00
1.745329e-02 -2.792527e-02 1.155553e+00
1.919862e-02 -2.792527e-02 1.155742e+00
2.094395e-02 -2.792527e-02 1.155972e+00
2.268928e-02 -2.792527e-02 1.156197e+00
2.443461e-02 -2.792527e-02 1.158544e+00
2.617994e-02 -2.792527e-02 1.162473e+00
2.792527e-02 -2.792527e-02 1.166454e+00
2.967060e-02 -2.792527e-02 1.170646e+00
3.141593e-02 -2.792527e-02 1.174833e+00
3.316126e-02 -2.792527e-02 1.179033e+00
3.490659e-02 -2.792527e-02 1.183260e+00
3.665191e-02 -2.792527e-02 1.187531e+00
3.839724e-02 -2.792527e-02 1.191770e+00
4.014257e-02 -2.792527e-02 1.195996e+00
4.014257e-02 -2.792527e-02 1.195996e+00
4.188790e-02 -2.792527e-02 1.200203e+00
4.363323e-02 -2.792527e-02 1.204451e+00
4.537856e-02 -2.792527e-02 1.208701e+00
4.712389e-02 -2.792527e-02 1.212978e+00
4.886922e-02 -2.792527e-02 1.217189e+00
5.061455e-02 -2.792527e-02 1.221399e+00
5.235988e-02 -2.792527e-02 1.225620e+00
0.000000e+00 -2.443461e-02 1.132768e+00
1.745329e-03 -2.443461e-02 1.133043e+00
3.490659e-03 -2.443461e-02 1.133324e+00
5.235988e-03 -2.443461e-02 1.133490e+00
6.981317e-03 -2.443461e-02 1.133723e+00
8.726646e-03 -2.443461e-02 1.134009e+00
1.047198e-02 -2.443461e-02 1.134271e+00
1.221730e-02 -2.443461e-02 1.134435e+00
1.396263e-02 -2.443461e-02 1.134641e+00
1.570796e-02 -2.443461e-02 1.134857e+00
1.745329e-02 -2.443461e-02 1.135091e+00
1.919862e-02 -2.443461e-02 1.135288e+00
2.094395e-02 -2.443461e-02 1.136483e+00
2.268928e-02 -2.443461e-02 1.140469e+00
2.443461e-02 -2.443461e-02 1.144434e+00
2.617994e-02 -2.443461e-02 1.148598e+00
2.792527e-02 -2.443461e-02 1.152829e+00
2.967060e-02 -2.443461e-02 1.157116e+00
3.141593e-02 -2.443461e-02 1.161351e+00
3.316126e-02 -2.443461e-02 1.165586e+00
3.490659e-02 -2.443461e-02 1.169820e+00
3.665191e-02 -2.443461e-02 1.174117e+00
3.839724e-02 -2.443461e-02 1.178392e+00
4.014257e-02 -2.443461e-02 1.182653e+00
4.188790e-02 -2.443461e-02 1.186862e+00
4.363323e-02 -2.443461e-02 1.191132e+00
4.537856e-02 -2.443461e-02 1.195410e+00
4.712389e-02 -2.443461e-02 1.199684e+00
4.886922e-02 -2.443461e-02 1.203941e+00
5.061455e-02 -2.443461e-02 1.208150e+00
5.235988e-02 -2.443461e-02 1.212375e+00
0.000000e+00 -2.094395e-02 1.112403e+00
1.745329e-03 -2.094395e-02 1.112679e+00
3.490659e-03 -2.094395e-02 1.112951e+00
5.235988e-03 -2.094395e-02 1.113131e+00
6.981317e-03 -2.094395e-02 1.113345e+00
8.726646e-03 -2.094395e-02 1.113643e+00
1.047198e-02 -2.094395e-02 1.113914e+00
1.221730e-02 -2.094395e-02 1.114077e+00
1.396263e-02 -2.094395e-02 1.114258e+00
1.570796e-02 -2.094395e-02 1.114484e+00
1.745329e-02 -2.094395e-02 1.114729e+00
1.919862e-02 -2.094395e-02 1.118495e+00
2.094395e-02 -2.094395e-02 1.122514e+00
2.268928e-02 -2.094395e-02 1.126680e+00
2.443461e-02 -2.094395e-02 1.130936e+00
2.617994e-02 -2.094395e-02 1.135219e+00
2.792527e-02 -2.094395e-02 1.139487e+00
2.967060e-02 -2.094395e-02 1.143817e+00
3.141593e-02 -2.094395e-02 1.148094e+00
3.316126e-02 -2.094395e-02 1.152343e+00
3.490659e-02 -2.094395e-02 1.156596e+00
3.665191e-02 -2.094395e-02 1.160927e+00
3.665191e-02 -2.094395e-02 1.160927e+00
3.839724e-02 -2.094395e-02 1.165251e+00
4.014257e-02 -2.094395e-02 1.169513e+00
4.188790e-02 -2.094395e-02 1.173764e+00
4.363323e-02 -2.094395e-02 1.178033e+00
4.537856e-02 -2.094395e-02 1.182342e+00
4.712389e-02 -2.094395e-02 1.186628e+00
4.886922e-02 -2.094395e-02 1.190903e+00
5.061455e-02 -2.094395e-02 1.195115e+00
5.235988e-02 -2.094395e-02 1.199380e+00
0.000000e+00 -1.745329e-02 1.093057e+00
1.745329e-03 -1.745329e-02 1.093342e+00
3.490659e-03 -1.745329e-02 1.093603e+00
5.235988e-03 -1.745329e-02 1.093786e+00
6.981317e-03 -1.745329e-02 1.094012e+00
8.726646e-03 -1.745329e-02 1.094305e+00
1.047198e-02 -1.745329e-02 1.094580e+00
1.221730e-02 -1.745329e-02 1.094751e+00
1.396263e-02 -1.745329e-02 1.094913e+00
1.570796e-02 -1.745329e-02 1.097485e+00
1.745329e-02 -1.745329e-02 1.101581e+00
1.919862e-02 -1.745329e-02 1.105813e+00
2.094395e-02 -1.745329e-02 1.110086e+00
2.268928e-02 -1.745329e-02 1.114372e+00
2.443461e-02 -1.745329e-02 1.118710e+00
2.617994e-02 -1.745329e-02 1.123048e+00
2.792527e-02 -1.745329e-02 1.127344e+00
2.967060e-02 -1.745329e-02 1.131702e+00
3.141593e-02 -1.745329e-02 1.136000e+00
3.316126e-02 -1.745329e-02 1.140302e+00
3.490659e-02 -1.745329e-02 1.144599e+00
3.665191e-02 -1.745329e-02 1.148966e+00
3.839724e-02 -1.745329e-02 1.153313e+00
4.014257e-02 -1.745329e-02 1.157592e+00
4.188790e-02 -1.745329e-02 1.161906e+00
4.363323e-02 -1.745329e-02 1.166176e+00
4.537856e-02 -1.745329e-02 1.170515e+00
4.712389e-02 -1.745329e-02 1.174847e+00
4.886922e-02 -1.745329e-02 1.179126e+00
5.061455e-02 -1.745329e-02 1.183372e+00
5.235988e-02 -1.745329e-02 1.187661e+00
0.000000e+00 -1.396263e-02 1.074893e+00
1.745329e-03 -1.396263e-02 1.075189e+00
3.490659e-03 -1.396263e-02 1.075440e+00
5.235988e-03 -1.396263e-02 1.075634e+00
6.981317e-03 -1.396263e-02 1.075852e+00
8.726646e-03 -1.396263e-02 1.076152e+00
1.047198e-02 -1.396263e-02 1.076434e+00
1.221730e-02 -1.396263e-02 1.077722e+00
1.396263e-02 -1.396263e-02 1.081736e+00
1.570796e-02 -1.396263e-02 1.086034e+00
1.745329e-02 -1.396263e-02 1.090405e+00
1.919862e-02 -1.396263e-02 1.094777e+00
2.094395e-02 -1.396263e-02 1.099116e+00
2.268928e-02 -1.396263e-02 1.103459e+00
2.443461e-02 -1.396263e-02 1.107852e+00
2.617994e-02 -1.396263e-02 1.112236e+00
2.792527e-02 -1.396263e-02 1.116543e+00
2.967060e-02 -1.396263e-02 1.120932e+00
3.141593e-02 -1.396263e-02 1.125272e+00
3.316126e-02 -1.396263e-02 1.129640e+00
3.316126e-02 -1.396263e-02 1.129640e+00
3.490659e-02 -1.396263e-02 1.134007e+00
3.665191e-02 -1.396263e-02 1.138360e+00
3.839724e-02 -1.396263e-02 1.142741e+00
4.014257e-02 -1.396263e-02 1.147045e+00
4.188790e-02 -1.396263e-02 1.151398e+00
4.363323e-02 -1.396263e-02 1.155715e+00
4.537856e-02 -1.396263e-02 1.160082e+00
4.712389e-02 -1.396263e-02 1.164426e+00
4.886922e-02 -1.396263e-02 1.168739e+00
5.061455e-02 -1.396263e-02 1.173062e+00
5.235988e-02 -1.396263e-02 1.177343e+00
0.000000e+00 -1.047198e-02 1.056730e+00
1.745329e-03 -1.047198e-02 1.057030e+00
3.490659e-03 -1.047198e-02 1.057281e+00
5.235988e-03 -1.047198e-02 1.057473e+00
6.981317e-03 -1.047198e-02 1.057695e+00
8.726646e-03 -1.047198e-02 1.058000e+00
1.047198e-02 -1.047198e-02 1.062044e+00
1.221730e-02 -1.047198e-02 1.066346e+00
1.396263e-02 -1.047198e-02 1.070603e+00
1.570796e-02 -1.047198e-02 1.075027e+00
1.745329e-02 -1.047198e-02 1.079486e+00
1.919862e-02 -1.047198e-02 1.083921e+00
2.094395e-02 -1.047198e-02 1.088287e+00
2.268928e-02 -1.047198e-02 1.092665e+00
2.443461e-02 -1.047198e-02 1.097118e+00
2.617994e-02 -1.047198e-02 1.101530e+00
2.792527e-02 -1.047198e-02 1.105886e+00
2.967060e-02 -1.047198e-02 1.110271e+00
3.141593e-02 -1.047198e-02 1.114653e+00
3.316126e-02 -1.047198e-02 1.119090e+00
3.490659e-02 -1.047198e-02 1.123520e+00
3.665191e-02 -1.047198e-02 1.127857e+00
3.839724e-02 -1.047198e-02 1.132252e+00
4.014257e-02 -1.047198e-02 1.136606e+00
4.188790e-02 -1.047198e-02 1.141007e+00
4.363323e-02 -1.047198e-02 1.145375e+00
4.537856e-02 -1.047198e-02 1.149738e+00
4.712389e-02 -1.047198e-02 1.154119e+00
4.886922e-02 -1.047198e-02 1.158471e+00
5.061455e-02 -1.047198e-02 1.162823e+00
5.235988e-02 -1.047198e-02 1.167156e+00
0.000000e+00 -6.981317e-03 1.038620e+00
1.745329e-03 -6.981317e-03 1.038925e+00
3.490659e-03 -6.981317e-03 1.039171e+00
5.235988e-03 -6.981317e-03 1.039366e+00
6.981317e-03 -6.981317e-03 1.042120e+00
8.726646e-03 -6.981317e-03 1.046589e+00
1.047198e-02 -6.981317e-03 1.051046e+00
1.221730e-02 -6.981317e-03 1.055447e+00
1.396263e-02 -6.981317e-03 1.059778e+00
1.570796e-02 -6.981317e-03 1.064261e+00
1.745329e-02 -6.981317e-03 1.068774e+00
1.919862e-02 -6.981317e-03 1.073249e+00
2.094395e-02 -6.981317e-03 1.077625e+00
2.268928e-02 -6.981317e-03 1.082051e+00
2.443461e-02 -6.981317e-03 1.086565e+00
2.617994e-02 -6.981317e-03 1.090988e+00
2.792527e-02 -6.981317e-03 1.095398e+00
2.967060e-02 -6.981317e-03 1.099766e+00
2.967060e-02 -6.981317e-03 1.099766e+00
3.141593e-02 -6.981317e-03 1.104207e+00
3.316126e-02 -6.981317e-03 1.108697e+00
3.490659e-02 -6.981317e-03 1.113173e+00
3.665191e-02 -6.981317e-03 1.117522e+00
3.839724e-02 -6.981317e-03 1.121883e+00
4.014257e-02 -6.981317e-03 1.126307e+00
4.188790e-02 -6.981317e-03 1.130767e+00
4.363323e-02 -6.981317e-03 1.135178e+00
4.537856e-02 -6.981317e-03 1.139548e+00
4.712389e-02 -6.981317e-03 1.143935e+00
4.886922e-02 -6.981317e-03 1.148363e+00
5.061455e-02 -6.981317e-03 1.152773e+00
5.235988e-02 -6.981317e-03 1.157160e+00
0.000000e+00 -3.490659e-03 1.019953e+00
1.745329e-03 -3.490659e-03 1.020262e+00
3.490659e-03 -3.490659e-03 1.021777e+00
5.235988e-03 -3.490659e-03 1.026206e+00
6.981317e-03 -3.490659e-03 1.030646e+00
8.726646e-03 -3.490659e-03 1.035211e+00
1.047198e-02 -3.490659e-03 1.039745e+00
1.221730e-02 -3.490659e-03 1.044197e+00
1.396263e-02 -3.490659e-03 1.048575e+00
1.570796e-02 -3.490659e-03 1.053105e+00
1.745329e-02 -3.490659e-03 1.057660e+00
1.919862e-02 -3.490659e-03 1.062170e+00
2.094395e-02 -3.490659e-03 1.066561e+00
2.268928e-02 -3.490659e-03 1.071036e+00
2.443461e-02 -3.490659e-03 1.075585e+00
2.617994e-02 -3.490659e-03 1.080044e+00
2.792527e-02 -3.490659e-03 1.084511e+00
2.967060e-02 -3.490659e-03 1.088876e+00
3.141593e-02 -3.490659e-03 1.093375e+00
3.316126e-02 -3.490659e-03 1.097900e+00
3.490659e-02 -3.490659e-03 1.102411e+00
3.665191e-02 -3.490659e-03 1.106840e+00
3.839724e-02 -3.490659e-03 1.111151e+00
4.014257e-02 -3.490659e-03 1.115629e+00
4.188790e-02 -3.490659e-03 1.120142e+00
4.363323e-02 -3.490659e-03 1.124611e+00
4.537856e-02 -3.490659e-03 1.128997e+00
4.712389e-02 -3.490659e-03 1.133370e+00
4.886922e-02 -3.490659e-03 1.137889e+00
5.061455e-02 -3.490659e-03 1.142337e+00
5.235988e-02 -3.490659e-03 1.146752e+00
0.000000e+00 0.000000e+00 1.003348e+00
1.745329e-03 0.000000e+00 1.007949e+00
3.490659e-03 0.000000e+00 1.012480e+00
5.235988e-03 0.000000e+00 1.016968e+00
6.981317e-03 0.000000e+00 1.021457e+00
8.726646e-03 0.000000e+00 1.026082e+00
1.047198e-02 0.000000e+00 1.030656e+00
1.221730e-02 0.000000e+00 1.035132e+00
1.396263e-02 0.000000e+00 1.039568e+00
1.570796e-02 0.000000e+00 1.044124e+00
1.745329e-02 0.000000e+00 1.048714e+00
1.919862e-02 0.000000e+00 1.053259e+00
2.094395e-02 0.000000e+00 1.057714e+00
2.268928e-02 0.000000e+00 1.062166e+00
2.443461e-02 0.000000e+00 1.066770e+00
2.617994e-02 0.000000e+00 1.071267e+00
2.617994e-02 0.000000e+00 1.071267e+00
2.792527e-02 0.000000e+00 1.075748e+00
2.967060e-02 0.000000e+00 1.080155e+00
3.141593e-02 0.000000e+00 1.084683e+00
3.316126e-02 0.000000e+00 1.089231e+00
3.490659e-02 0.000000e+00 1.093783e+00
3.665191e-02 0.000000e+00 1.098225e+00
3.839724e-02 0.000000e+00 1.102577e+00
4.014257e-02 0.000000e+00 1.107088e+00
4.188790e-02 0.000000e+00 1.111653e+00
4.363323e-02 0.000000e+00 1.116152e+00
4.537856e-02 0.000000e+00 1.120600e+00
4.712389e-02 0.000000e+00 1.124966e+00
4.886922e-02 0.000000e+00 1.129528e+00
5.061455e-02 0.000000e+00 1.134002e+00
5.235988e-02 0.000000e+00 1.138449e+00
0.000000e+00 3.490659e-03 1.021924e+00
1.745329e-03 3.490659e-03 1.022234e+00
3.490659e-03 3.490659e-03 1.023745e+00
5.235988e-03 3.490659e-03 1.028177e+00
6.981317e-03 3.490659e-03 1.032612e+00
8.726646e-03 3.490659e-03 1.037178e+00
1.047198e-02 3.490659e-03 1.041716e+00
1.221730e-02 3.490659e-03 1.046145e+00
1.396263e-02 3.490659e-03 1.050569e+00
1.570796e-02 3.490659e-03 1.055085e+00
1.745329e-02 3.490659e-03 1.059641e+00
1.919862e-02 3.490659e-03 1.064150e+00
2.094395e-02 3.490659e-03 1.068576e+00
2.268928e-02 3.490659e-03 1.072985e+00
2.443461e-02 3.490659e-03 1.077563e+00
2.617994e-02 3.490659e-03 1.082040e+00
2.792527e-02 3.490659e-03 1.086459e+00
2.967060e-02 3.490659e-03 1.090912e+00
3.141593e-02 3.490659e-03 1.095365e+00
3.316126e-02 3.490659e-03 1.099875e+00
3.490659e-02 3.490659e-03 1.104377e+00
3.665191e-02 3.490659e-03 1.108774e+00
3.839724e-02 3.490659e-03 1.113145e+00
4.014257e-02 3.490659e-03 1.117635e+00
4.188790e-02 3.490659e-03 1.122143e+00
4.363323e-02 3.490659e-03 1.126591e+00
4.537856e-02 3.490659e-03 1.131008e+00
4.712389e-02 3.490659e-03 1.135389e+00
4.886922e-02 3.490659e-03 1.139882e+00
5.061455e-02 3.490659e-03 1.144317e+00
5.235988e-02 3.490659e-03 1.148721e+00
0.000000e+00 6.981317e-03 1.042883e+00
1.745329e-03 6.981317e-03 1.043194e+00
3.490659e-03 6.981317e-03 1.043432e+00
5.235988e-03 6.981317e-03 1.043632e+00
6.981317e-03 6.981317e-03 1.046370e+00
8.726646e-03 6.981317e-03 1.050850e+00
1.047198e-02 6.981317e-03 1.055314e+00
1.221730e-02 6.981317e-03 1.059679e+00
1.396263e-02 6.981317e-03 1.064084e+00
1.570796e-02 6.981317e-03 1.068547e+00
1.745329e-02 6.981317e-03 1.073071e+00
1.919862e-02 6.981317e-03 1.077519e+00
2.094395e-02 6.981317e-03 1.081939e+00
2.268928e-02 6.981317e-03 1.086308e+00
2.268928e-02 6.981317e-03 1.086308e+00
2.443461e-02 6.981317e-03 1.090844e+00
2.617994e-02 6.981317e-03 1.095291e+00
2.792527e-02 6.981317e-03 1.099685e+00
2.967060e-02 6.981317e-03 1.104136e+00
3.141593e-02 6.981317e-03 1.108515e+00
3.316126e-02 6.981317e-03 1.112982e+00
3.490659e-02 6.981317e-03 1.117435e+00
3.665191e-02 6.981317e-03 1.121823e+00
3.839724e-02 6.981317e-03 1.126236e+00
4.014257e-02 6.981317e-03 1.130639e+00
4.188790e-02 6.981317e-03 1.135113e+00
4.363323e-02 6.981317e-03 1.139477e+00
4.537856e-02 6.981317e-03 1.143892e+00
4.712389e-02 6.981317e-03 1.148284e+00
4.886922e-02 6.981317e-03 1.152697e+00
5.061455e-02 6.981317e-03 1.157087e+00
5.235988e-02 6.981317e-03 1.161444e+00
0.000000e+00 1.047198e-02 1.063103e+00
1.745329e-03 1.047198e-02 1.063415e+00
3.490659e-03 1.047198e-02 1.063656e+00
5.235988e-03 1.047198e-02 1.063852e+00
6.981317e-03 1.047198e-02 1.064046e+00
8.726646e-03 1.047198e-02 1.064373e+00
1.047198e-02 1.047198e-02 1.068420e+00
1.221730e-02 1.047198e-02 1.072693e+00
1.396263e-02 1.047198e-02 1.077064e+00
1.570796e-02 1.047198e-02 1.081449e+00
1.745329e-02 1.047198e-02 1.085908e+00
1.919862e-02 1.047198e-02 1.090297e+00
2.094395e-02 1.047198e-02 1.094710e+00
2.268928e-02 1.047198e-02 1.099050e+00
2.443461e-02 1.047198e-02 1.103545e+00
2.617994e-02 1.047198e-02 1.107942e+00
2.792527e-02 1.047198e-02 1.112331e+00
2.967060e-02 1.047198e-02 1.116766e+00
3.141593e-02 1.047198e-02 1.121087e+00
3.316126e-02 1.047198e-02 1.125499e+00
3.490659e-02 1.047198e-02 1.129907e+00
3.665191e-02 1.047198e-02 1.134320e+00
3.839724e-02 1.047198e-02 1.138713e+00
4.014257e-02 1.047198e-02 1.143089e+00
4.188790e-02 1.047198e-02 1.147483e+00
4.363323e-02 1.047198e-02 1.151815e+00
4.537856e-02 1.047198e-02 1.156209e+00
4.712389e-02 1.047198e-02 1.160587e+00
4.886922e-02 1.047198e-02 1.164978e+00
5.061455e-02 1.047198e-02 1.169298e+00
5.235988e-02 1.047198e-02 1.173636e+00
0.000000e+00 1.396263e-02 1.083414e+00
1.745329e-03 1.396263e-02 1.083729e+00
3.490659e-03 1.396263e-02 1.083965e+00
5.235988e-03 1.396263e-02 1.084162e+00
6.981317e-03 1.396263e-02 1.084364e+00
8.726646e-03 1.396263e-02 1.084682e+00
1.047198e-02 1.396263e-02 1.084959e+00
1.221730e-02 1.396263e-02 1.086242e+00
1.396263e-02 1.396263e-02 1.090364e+00
1.570796e-02 1.396263e-02 1.094627e+00
1.745329e-02 1.396263e-02 1.098991e+00
1.919862e-02 1.396263e-02 1.103330e+00
1.919862e-02 1.396263e-02 1.103330e+00
2.094395e-02 1.396263e-02 1.107707e+00
2.268928e-02 1.396263e-02 1.112030e+00
2.443461e-02 1.396263e-02 1.116465e+00
2.617994e-02 1.396263e-02 1.120809e+00
2.792527e-02 1.396263e-02 1.125183e+00
2.967060e-02 1.396263e-02 1.129584e+00
3.141593e-02 1.396263e-02 1.133901e+00
3.316126e-02 1.396263e-02 1.138221e+00
3.490659e-02 1.396263e-02 1.142605e+00
3.665191e-02 1.396263e-02 1.147017e+00
3.839724e-02 1.396263e-02 1.151395e+00
4.014257e-02 1.396263e-02 1.155744e+00
4.188790e-02 1.396263e-02 1.160072e+00
4.363323e-02 1.396263e-02 1.164364e+00
4.537856e-02 1.396263e-02 1.168757e+00
4.712389e-02 1.396263e-02 1.173102e+00
4.886922e-02 1.396263e-02 1.177455e+00
5.061455e-02 1.396263e-02 1.181730e+00
5.235988e-02 1.396263e-02 1.186036e+00
0.000000e+00 1.745329e-02 1.103911e+00
1.745329e-03 1.745329e-02 1.104224e+00
3.490659e-03 1.745329e-02 1.104465e+00
5.235988e-03 1.745329e-02 1.104661e+00
6.981317e-03 1.745329e-02 1.104856e+00
8.726646e-03 1.745329e-02 1.105175e+00
1.047198e-02 1.745329e-02 1.105445e+00
1.221730e-02 1.745329e-02 1.105626e+00
1.396263e-02 1.745329e-02 1.105890e+00
1.570796e-02 1.745329e-02 1.108430e+00
1.745329e-02 1.745329e-02 1.112523e+00
1.919862e-02 1.745329e-02 1.116716e+00
2.094395e-02 1.745329e-02 1.121049e+00
2.268928e-02 1.745329e-02 1.125344e+00
2.443461e-02 1.745329e-02 1.129706e+00
2.617994e-02 1.745329e-02 1.133980e+00
2.792527e-02 1.745329e-02 1.138341e+00
2.967060e-02 1.745329e-02 1.142708e+00
3.141593e-02 1.745329e-02 1.147018e+00
3.316126e-02 1.745329e-02 1.151283e+00
3.490659e-02 1.745329e-02 1.155622e+00
3.665191e-02 1.745329e-02 1.160010e+00
3.839724e-02 1.745329e-02 1.164357e+00
4.014257e-02 1.745329e-02 1.168670e+00
4.188790e-02 1.745329e-02 1.172940e+00
4.363323e-02 1.745329e-02 1.177231e+00
4.537856e-02 1.745329e-02 1.181594e+00
4.712389e-02 1.745329e-02 1.185911e+00
4.886922e-02 1.745329e-02 1.190261e+00
5.061455e-02 1.745329e-02 1.194475e+00
5.235988e-02 1.745329e-02 1.198751e+00
0.000000e+00 2.094395e-02 1.124256e+00
1.745329e-03 2.094395e-02 1.124571e+00
3.490659e-03 2.094395e-02 1.124808e+00
5.235988e-03 2.094395e-02 1.125008e+00
6.981317e-03 2.094395e-02 1.125198e+00
8.726646e-03 2.094395e-02 1.125513e+00
1.047198e-02 2.094395e-02 1.125773e+00
1.221730e-02 2.094395e-02 1.125970e+00
1.396263e-02 2.094395e-02 1.126243e+00
1.570796e-02 2.094395e-02 1.126443e+00
1.570796e-02 2.094395e-02 1.126443e+00
1.745329e-02 2.094395e-02 1.126689e+00
1.919862e-02 2.094395e-02 1.130415e+00
2.094395e-02 2.094395e-02 1.134489e+00
2.268928e-02 2.094395e-02 1.138680e+00
2.443461e-02 2.094395e-02 1.142946e+00
2.617994e-02 2.094395e-02 1.147162e+00
2.792527e-02 2.094395e-02 1.151490e+00
2.967060e-02 2.094395e-02 1.155836e+00
3.141593e-02 2.094395e-02 1.160098e+00
3.316126e-02 2.094395e-02 1.164344e+00
3.490659e-02 2.094395e-02 1.168671e+00
3.665191e-02 2.094395e-02 1.173005e+00
3.839724e-02 2.094395e-02 1.177301e+00
4.014257e-02 2.094395e-02 1.181605e+00
4.188790e-02 2.094395e-02 1.185862e+00
4.363323e-02 2.094395e-02 1.190135e+00
4.537856e-02 2.094395e-02 1.194461e+00
4.712389e-02 2.094395e-02 1.198735e+00
4.886922e-02 2.094395e-02 1.203048e+00
5.061455e-02 2.094395e-02 1.207272e+00
5.235988e-02 2.094395e-02 1.211496e+00
0.000000e+00 2.443461e-02 1.144623e+00
1.745329e-03 2.443461e-02 1.144938e+00
3.490659e-03 2.443461e-02 1.145180e+00
5.235988e-03 2.443461e-02 1.145380e+00
6.981317e-03 2.443461e-02 1.145569e+00
8.726646e-03 2.443461e-02 1.145875e+00
1.047198e-02 2.443461e-02 1.146133e+00
1.221730e-02 2.443461e-02 1.146338e+00
1.396263e-02 2.443461e-02 1.146616e+00
1.570796e-02 2.443461e-02 1.146808e+00
1.745329e-02 2.443461e-02 1.147043e+00
1.919862e-02 2.443461e-02 1.147231e+00
2.094395e-02 2.443461e-02 1.148460e+00
2.268928e-02 2.443461e-02 1.152465e+00
2.443461e-02 2.443461e-02 1.156451e+00
2.617994e-02 2.443461e-02 1.160558e+00
2.792527e-02 2.443461e-02 1.164823e+00
2.967060e-02 2.443461e-02 1.169122e+00
3.141593e-02 2.443461e-02 1.173366e+00
3.316126e-02 2.443461e-02 1.177610e+00
3.490659e-02 2.443461e-02 1.181910e+00
3.665191e-02 2.443461e-02 1.186190e+00
3.839724e-02 2.443461e-02 1.190435e+00
4.014257e-02 2.443461e-02 1.194716e+00
4.188790e-02 2.443461e-02 1.198980e+00
4.363323e-02 2.443461e-02 1.203235e+00
4.537856e-02 2.443461e-02 1.207544e+00
4.712389e-02 2.443461e-02 1.211791e+00
4.886922e-02 2.443461e-02 1.216064e+00
5.061455e-02 2.443461e-02 1.220293e+00
5.235988e-02 2.443461e-02 1.224516e+00
0.000000e+00 2.792527e-02 1.165094e+00
1.745329e-03 2.792527e-02 1.165411e+00
3.490659e-03 2.792527e-02 1.165649e+00
5.235988e-03 2.792527e-02 1.165853e+00
6.981317e-03 2.792527e-02 1.166030e+00
8.726646e-03 2.792527e-02 1.166343e+00
1.047198e-02 2.792527e-02 1.166588e+00
1.221730e-02 2.792527e-02 1.166812e+00
1.221730e-02 2.792527e-02 1.166812e+00
1.396263e-02 2.792527e-02 1.167089e+00
1.570796e-02 2.792527e-02 1.167271e+00
1.745329e-02 2.792527e-02 1.167497e+00
1.919862e-02 2.792527e-02 1.167704e+00
2.094395e-02 2.792527e-02 1.167966e+00
2.268928e-02 2.792527e-02 1.168192e+00
2.443461e-02 2.792527e-02 1.170567e+00
2.617994e-02 2.792527e-02 1.174444e+00
2.792527e-02 2.792527e-02 1.178448e+00
2.967060e-02 2.792527e-02 1.182637e+00
3.141593e-02 2.792527e-02 1.186862e+00
3.316126e-02 2.792527e-02 1.191063e+00
3.490659e-02 2.792527e-02 1.195333e+00
3.665191e-02 2.792527e-02 1.199594e+00
3.839724e-02 2.792527e-02 1.203808e+00
4.014257e-02 2.792527e-02 1.208062e+00
4.188790e-02 2.792527e-02 1.212331e+00
4.363323e-02 2.792527e-02 1.216567e+00
4.537856e-02 2.792527e-02 1.220829e+00
4.712389e-02 2.792527e-02 1.225048e+00
4.886922e-02 2.792527e-02 1.229327e+00
5.061455e-02 2.792527e-02 1.233534e+00
5.235988e-02 2.792527e-02 1.237766e+00
0.000000e+00 3.141593e-02 1.186371e+00
1.745329e-03 3.141593e-02 1.186688e+00
3.490659e-03 3.141593e-02 1.186924e+00
5.235988e-03 3.141593e-02 1.187133e+00
6.981317e-03 3.141593e-02 1.187318e+00
8.726646e-03 3.141593e-02 1.187614e+00
1.047198e-02 3.141593e-02 1.187851e+00
1.221730e-02 3.141593e-02 1.188088e+00
1.396263e-02 3.141593e-02 1.188372e+00
1.570796e-02 3.141593e-02 1.188563e+00
1.745329e-02 3.141593e-02 1.188765e+00
1.919862e-02 3.141593e-02 1.188976e+00
2.094395e-02 3.141593e-02 1.189240e+00
2.268928e-02 3.141593e-02 1.189451e+00
2.443461e-02 3.141593e-02 1.189659e+00
2.617994e-02 3.141593e-02 1.189788e+00
2.792527e-02 3.141593e-02 1.193395e+00
2.967060e-02 3.141593e-02 1.197323e+00
3.141593e-02 3.141593e-02 1.201299e+00
3.316126e-02 3.141593e-02 1.205437e+00
3.490659e-02 3.141593e-02 1.209660e+00
3.665191e-02 3.141593e-02 1.213874e+00
3.839724e-02 3.141593e-02 1.218081e+00
4.014257e-02 3.141593e-02 1.222305e+00
4.188790e-02 3.141593e-02 1.226566e+00
4.363323e-02 3.141593e-02 1.230771e+00
4.537856e-02 3.141593e-02 1.235005e+00
4.712389e-02 3.141593e-02 1.239197e+00
4.886922e-02 3.141593e-02 1.243464e+00
5.061455e-02 3.141593e-02 1.247688e+00
5.235988e-02 3.141593e-02 1.251914e+00
0.000000e+00 3.490659e-02 1.206748e+00
1.745329e-03 3.490659e-02 1.207066e+00
3.490659e-03 3.490659e-02 1.207300e+00
5.235988e-03 3.490659e-02 1.207513e+00
6.981317e-03 3.490659e-02 1.207705e+00
8.726646e-03 3.490659e-02 1.207986e+00
8.726646e-03 3.490659e-02 1.207986e+00
1.047198e-02 3.490659e-02 1.208217e+00
1.221730e-02 3.490659e-02 1.208465e+00
1.396263e-02 3.490659e-02 1.208749e+00
1.570796e-02 3.490659e-02 1.208948e+00
1.745329e-02 3.490659e-02 1.209128e+00
1.919862e-02 3.490659e-02 1.209348e+00
2.094395e-02 3.490659e-02 1.209618e+00
2.268928e-02 3.490659e-02 1.209829e+00
2.443461e-02 3.490659e-02 1.210019e+00
2.617994e-02 3.490659e-02 1.210157e+00
2.792527e-02 3.490659e-02 1.210401e+00
2.967060e-02 3.490659e-02 1.211453e+00
3.141593e-02 3.490659e-02 1.215329e+00
3.316126e-02 3.490659e-02 1.219210e+00
3.490659e-02 3.490659e-02 1.223220e+00
3.665191e-02 3.490659e-02 1.227375e+00
3.839724e-02 3.490659e-02 1.231515e+00
4.014257e-02 3.490659e-02 1.235750e+00
4.188790e-02 3.490659e-02 1.239967e+00
4.363323e-02 3.490659e-02 1.244173e+00
4.537856e-02 3.490659e-02 1.248381e+00
4.712389e-02 3.490659e-02 1.252532e+00
4.886922e-02 3.490659e-02 1.256778e+00
5.061455e-02 3.490659e-02 1.261024e+00
5.235988e-02 3.490659e-02 1.265241e+00
0.000000e+00 3.839724e-02 1.227747e+00
1.745329e-03 3.839724e-02 1.228065e+00
3.490659e-03 3.839724e-02 1.228303e+00
5.235988e-03 3.839724e-02 1.228514e+00
6.981317e-03 3.839724e-02 1.228701e+00
8.726646e-03 3.839724e-02 1.228973e+00
1.047198e-02 3.839724e-02 1.229201e+00
1.221730e-02 3.839724e-02 1.229462e+00
1.396263e-02 3.839724e-02 1.229739e+00
1.570796e-02 3.839724e-02 1.229947e+00
1.745329e-02 3.839724e-02 1.230117e+00
1.919862e-02 3.839724e-02 1.230355e+00
2.094395e-02 3.839724e-02 1.230609e+00
2.268928e-02 3.839724e-02 1.230823e+00
2.443461e-02 3.839724e-02 1.231015e+00
2.617994e-02 3.839724e-02 1.231158e+00
2.792527e-02 3.839724e-02 1.231376e+00
2.967060e-02 3.839724e-02 1.231612e+00
3.141593e-02 3.839724e-02 1.231778e+00
3.316126e-02 3.839724e-02 1.234004e+00
3.490659e-02 3.839724e-02 1.237869e+00
3.665191e-02 3.839724e-02 1.241715e+00
3.839724e-02 3.839724e-02 1.245692e+00
4.014257e-02 3.839724e-02 1.249848e+00
4.188790e-02 3.839724e-02 1.254086e+00
4.363323e-02 3.839724e-02 1.258243e+00
4.537856e-02 3.839724e-02 1.262404e+00
4.712389e-02 3.839724e-02 1.266547e+00
4.886922e-02 3.839724e-02 1.270786e+00
5.061455e-02 3.839724e-02 1.275003e+00
5.235988e-02 3.839724e-02 1.279201e+00
0.000000e+00 4.188790e-02 1.248822e+00
1.745329e-03 4.188790e-02 1.249140e+00
3.490659e-03 4.188790e-02 1.249384e+00
5.235988e-03 4.188790e-02 1.249591e+00
5.235988e-03 4.188790e-02 1.249591e+00
6.981317e-03 4.188790e-02 1.249790e+00
8.726646e-03 4.188790e-02 1.250048e+00
1.047198e-02 4.188790e-02 1.250268e+00
1.221730e-02 4.188790e-02 1.250535e+00
1.396263e-02 4.188790e-02 1.250812e+00
1.570796e-02 4.188790e-02 1.251017e+00
1.745329e-02 4.188790e-02 1.251185e+00
1.919862e-02 4.188790e-02 1.251433e+00
2.094395e-02 4.188790e-02 1.251666e+00
2.268928e-02 4.188790e-02 1.251890e+00
2.443461e-02 4.188790e-02 1.252086e+00
2.617994e-02 4.188790e-02 1.252241e+00
2.792527e-02 4.188790e-02 1.252442e+00
2.967060e-02 4.188790e-02 1.252658e+00
3.141593e-02 4.188790e-02 1.252850e+00
3.316126e-02 4.188790e-02 1.253034e+00
3.490659e-02 4.188790e-02 1.253259e+00
3.665191e-02 4.188790e-02 1.256609e+00
3.839724e-02 4.188790e-02 1.260378e+00
4.014257e-02 4.188790e-02 1.264245e+00
4.188790e-02 4.188790e-02 1.268348e+00
4.363323e-02 4.188790e-02 1.272466e+00
4.537856e-02 4.188790e-02 1.276590e+00
4.712389e-02 4.188790e-02 1.280724e+00
4.886922e-02 4.188790e-02 1.284926e+00
5.061455e-02 4.188790e-02 1.289120e+00
5.235988e-02 4.188790e-02 1.293281e+00
0.000000e+00 4.537856e-02 1.269418e+00
1.745329e-03 4.537856e-02 1.269735e+00
3.490659e-03 4.537856e-02 1.269979e+00
5.235988e-03 4.537856e-02 1.270187e+00
6.981317e-03 4.537856e-02 1.270394e+00
8.726646e-03 4.537856e-02 1.270651e+00
1.047198e-02 4.537856e-02 1.270857e+00
1.221730e-02 4.537856e-02 1.271133e+00
1.396263e-02 4.537856e-02 1.271414e+00
1.570796e-02 4.537856e-02 1.271602e+00
1.745329e-02 4.537856e-02 1.271781e+00
1.919862e-02 4.537856e-02 1.272032e+00
2.094395e-02 4.537856e-02 1.272251e+00
2.268928e-02 4.537856e-02 1.272471e+00
2.443461e-02 4.537856e-02 1.272687e+00
2.617994e-02 4.537856e-02 1.272843e+00
2.792527e-02 4.537856e-02 1.273045e+00
2.967060e-02 4.537856e-02 1.273231e+00
3.141593e-02 4.537856e-02 1.273433e+00
3.316126e-02 4.537856e-02 1.273623e+00
3.490659e-02 4.537856e-02 1.273844e+00
3.665191e-02 4.537856e-02 1.274006e+00
3.839724e-02 4.537856e-02 1.274865e+00
4.014257e-02 4.537856e-02 1.278644e+00
4.188790e-02 4.537856e-02 1.282488e+00
4.363323e-02 4.537856e-02 1.286368e+00
4.537856e-02 4.537856e-02 1.290382e+00
4.712389e-02 4.537856e-02 1.294480e+00
4.886922e-02 4.537856e-02 1.298657e+00
5.061455e-02 4.537856e-02 1.302793e+00
5.235988e-02 4.537856e-02 1.306930e+00
0.000000e+00 4.886922e-02 1.290053e+00
1.745329e-03 4.886922e-02 1.290368e+00
1.745329e-03 4.886922e-02 1.290368e+00
3.490659e-03 4.886922e-02 1.290611e+00
5.235988e-03 4.886922e-02 1.290823e+00
6.981317e-03 4.886922e-02 1.291033e+00
8.726646e-03 4.886922e-02 1.291285e+00
1.047198e-02 4.886922e-02 1.291488e+00
1.221730e-02 4.886922e-02 1.291765e+00
1.396263e-02 4.886922e-02 1.292042e+00
1.570796e-02 4.886922e-02 1.292236e+00
1.745329e-02 4.886922e-02 1.292422e+00
1.919862e-02 4.886922e-02 1.292665e+00
2.094395e-02 4.886922e-02 1.292879e+00
2.268928e-02 4.886922e-02 1.293088e+00
2.443461e-02 4.886922e-02 1.293313e+00
2.617994e-02 4.886922e-02 1.293480e+00
2.792527e-02 4.886922e-02 1.293687e+00
2.967060e-02 4.886922e-02 1.293853e+00
3.141593e-02 4.886922e-02 1.294040e+00
3.316126e-02 4.886922e-02 1.294252e+00
3.490659e-02 4.886922e-02 1.294475e+00
3.665191e-02 4.886922e-02 1.294622e+00
3.839724e-02 4.886922e-02 1.294765e+00
4.014257e-02 4.886922e-02 1.294929e+00
4.188790e-02 4.886922e-02 1.297049e+00
4.363323e-02 4.886922e-02 1.300754e+00
4.537856e-02 4.886922e-02 1.304532e+00
4.712389e-02 4.886922e-02 1.308456e+00
4.886922e-02 4.886922e-02 1.312513e+00
5.061455e-02 4.886922e-02 1.316575e+00
5.235988e-02 4.886922e-02 1.320700e+00
0.000000e+00 5.235988e-02 1.310798e+00
1.745329e-03 5.235988e-02 1.311116e+00
3.490659e-03 5.235988e-02 1.311354e+00
5.235988e-03 5.235988e-02 1.311567e+00
6.981317e-03 5.235988e-02 1.311785e+00
8.726646e-03 5.235988e-02 1.312027e+00
1.047198e-02 5.235988e-02 1.312228e+00
1.221730e-02 5.235988e-02 1.312509e+00
1.396263e-02 5.235988e-02 1.312783e+00
1.570796e-02 5.235988e-02 1.312977e+00
1.745329e-02 5.235988e-02 1.313165e+00
1.919862e-02 5.235988e-02 1.313402e+00
2.094395e-02 5.235988e-02 1.313621e+00
2.268928e-02 5.235988e-02 1.313829e+00
2.443461e-02 5.235988e-02 1.314046e+00
2.617994e-02 5.235988e-02 1.314226e+00
2.792527e-02 5.235988e-02 1.314435e+00
2.967060e-02 5.235988e-02 1.314598e+00
3.141593e-02 5.235988e-02 1.314760e+00
3.316126e-02 5.235988e-02 1.315000e+00
3.490659e-02 5.235988e-02 1.315204e+00
3.665191e-02 5.235988e-02 1.315357e+00
3.839724e-02 5.235988e-02 1.315495e+00
4.014257e-02 5.235988e-02 1.315662e+00
4.188790e-02 5.235988e-02 1.315874e+00
4.363323e-02 5.235988e-02 1.316001e+00
4.537856e-02 5.235988e-02 1.319234e+00
4.712389e-02 5.235988e-02 1.322914e+00
4.886922e-02 5.235988e-02 1.326710e+00
5.061455e-02 5.235988e-02 1.330640e+00
5.235988e-02 5.235988e-02 1.334655e+00
